IONEX_files/igsg0040.10i
     1.0            IONOSPHERE MAPS     MIX                 IONEX VERSION / TYPE
cmpcmb v1.2          GRL/UWM            20-jan-10 08:04     PGM / RUN BY / DATE 
ionex file containing IGS COMBINED Ionosphere maps          COMMENT             
global ionosphere maps for day 004, 2010                    DESCRIPTION         
IONEX file containing the COMBINED IGS TEC MAPS and DCBs    DESCRIPTION         
      IONEX files of the following IAACs were combined: cod DESCRIPTION         
                                                        jpl DESCRIPTION         
                                                        upc DESCRIPTION         
Contact address: Andrzej Krankowski                         DESCRIPTION
                 Geodynamics Research Laboratory            DESCRIPTION
                 University of Warmia and Mazury (GRL/UWM)  DESCRIPTION
                 Oczapowski St. 1                           DESCRIPTION
                 10-957-Olsztyn, POLAND                     DESCRIPTION
                 e-mail:  kand@uwm.edu.pl                   DESCRIPTION
                                                            DESCRIPTION
  2010     1     4     0     0     0                        EPOCH OF FIRST MAP  
  2010     1     5     0     0     0                        EPOCH OF LAST MAP   
  7200                                                      INTERVAL            
    13                                                      # OF MAPS IN FILE   
  COSZ                                                      MAPPING FUNCTION    
     0.0                                                    ELEVATION CUTOFF    
combined TEC calculated as weighted mean of input TEC valuesOBSERVABLES USED    
   306                                                      # OF STATIONS       
    32                                                      # OF SATELLITES     
  6371.0                                                    BASE RADIUS         
     2                                                      MAP DIMENSION       
   450.0 450.0   0.0                                        HGT1 / HGT2 / DHGT  
    87.5 -87.5  -2.5                                        LAT1 / LAT2 / DLAT  
  -180.0 180.0   5.0                                        LON1 / LON2 / DLON  
    -1                                                      EXPONENT            
TEC values in 0.1 tec units;  9999, if no value available   COMMENT             
DCB values in nanoseconds, reference is Sum_of_SatDCBs = 0  COMMENT             
                                                            END OF HEADER       
[from data line 2574]
     7                                                      START OF TEC MAP    
  2010     1     4    12     0     0                        EPOCH OF CURRENT MAP
    87.5-180.0 180.0   5.0 450.0                            LAT/LON1/LON2/DLON/H
   19   19   19   19   19   19   18   18   18   18   18   18   18   19   19   19
   19   19   19   19   19   19   19   19   19   19   19   19   19   20   20   20
   20   20   20   20   20   20   20   20   21   21   21   21   21   21   21   20
   20   20   21   21   20   20   19   19   19   19   18   18   18   18   18   18
   18   18   18   18   19   19   19   19   19
    85.0-180.0 180.0   5.0 450.0                            LAT/LON1/LON2/DLON/H
   21   20   20   20   20   20   20   21   20   20   20   20   19   19   19   18
   18   18   18   18   19   18   18   19   19   19   19   19   19   20   21   21
   21   21   21   21   21   21   21   22   22   22   22   22   22   22   22   22
   22   22   21   21   21   21   20   20   20   19   18   18   18   18   19   19
   19   19   19   20   20   20   20   21   21
    82.5-180.0 180.0   5.0 450.0                            LAT/LON1/LON2/DLON/H
   23   24   25   25   25   25   23   21   21   20   20   19   19   19   18   18
   18   18   18   18   18   18   18   18   18   19   19   20   20   20   22   22
   22   22   23   23   23   24   24   24   24   23   23   23   22   22   23   23
   23   23   22   22   22   22   21   21   21   20   19   19   19   19   20   20
   21   22   23   23   23   23   23   23   23
    80.0-180.0 180.0   5.0 450.0                            LAT/LON1/LON2/DLON/H
   26   25   24   23   22   21   21   22   22   22   21   21   20   19   19   18
   17   17   17   18   18   18   18   19   20   21   22   22   23   23   25   25
   25   26   25   24   24   23   23   23   23   23   24   23   23   22   22   22
   22   23   23   23   22   21   22   22   21   21   21   21   21   21   21   22
   23   23   24   25   26   26   26   26   26
    77.5-180.0 180.0   5.0 450.0                            LAT/LON1/LON2/DLON/H
   26   25   24   24   24   23   22   22   22   22   21   20   20   19   19   18
   19   20   20   21   21   22   23   23   23   22   23   23   23   24   25   26
   27   28   28   28   27   26   25   25   25   25   24   24   24   23   21   20
   20   21   22   23   23   22   22   21   21   21   22   22   22   22   22   22
   22   22   24   26   27   28   28   26   26
    75.0-180.0 180.0   5.0 450.0                            LAT/LON1/LON2/DLON/H
   26   25   24   24   24   23   22   22   22   22   22   21   19   19   19   21
   22   22   22   23   24   24   24   24   26   26   25   24   24   26   30   29
   29   30   31   31   30   30   28   28   28   28   28   27   25   24   22   20
   19   19   19   22   23   22   21   20   19   19   20   20   20   20   21   21
   21   22   24   27   28   28   27   25   26
    72.5-180.0 180.0   5.0 450.0                            LAT/LON1/LON2/DLON/H
   26   25   24   24   24   23   22   22   21   21   21   20   20   21   22   23
   23   24   26   28   27   27   27   26   27   31   28   26   26   28   32   33
   33   33   33   34   33   34   33   32   31   31   30   30   29   26   23   21
   20   20   20   20   21   21   20   18   18   18   18   17   16   17   18   19
   21   23   25   25   26   27   26   26   26
    70.0-180.0 180.0   5.0 450.0                            LAT/LON1/LON2/DLON/H
   25   24   24   24   24   23   22   22   21   21   21   21   21   22   23   24
   24   27   29   29   30   31   31   29   29   29   29   27   29   30   35   37
   37   37   39   41   39   36   38   39   36   34   34   33   33   31   25   21
   22   21   22   21   21   20   20   19   18   17   17   16   14   15   16   17
   20   22   23   23   25   26   25   24   25
    67.5-180.0 180.0   5.0 450.0                            LAT/LON1/LON2/DLON/H
   23   22   22   22   22   22   22   22   21   21   22   22   22   23   25   25
   27   29   31   32   33   34   33   32   30   30   29   30   30   33   36   39
   41   43   45   46   46   44   44   45   43   42   41   39   38   35   30   25
   27   26   26   24   22   21   20   19   17   17   16   16   16   16   16   18
   21   22   23   24   25   26   25   23   23
    65.0-180.0 180.0   5.0 450.0                            LAT/LON1/LON2/DLON/H
   22   21   21   20   21   21   21   22   23   23   23   22   23   24   25   27
   28   30   32   33   34   34   34   32   31   30   29   31   33   36   41   42
   45   49   51   52   53   52   51   51   51   49   48   47   46   43   39   34
   35   34   30   27   25   23   22   21   19   18   18   18   18   19   18   20
   23   25   25   26   26   25   23   22   22
    62.5-180.0 180.0   5.0 450.0                            LAT/LON1/LON2/DLON/H
   24   22   21   21   21   21   20   21   23   23   23   23   24   25   26   28
   28   29   31   32   31   32   32   31   30   31   31   34   36   41   46   49
   52   53   54   56   57   57   56   57   56   55   54   54   52   49   47   42
   41   41   34   32   28   27   25   23   22   22   24   23   23   23   23   23
   26   26   27   27   27   27   25   24   24
    60.0-180.0 180.0   5.0 450.0                            LAT/LON1/LON2/DLON/H
   26   23   23   22   22   21   20   21   22   22   24   23   24   25   25   27
   27   27   27   27   27   29   28   29   29   32   34   38   41   45   50   56
   59   59   59   58   59   59   60   61   61   60   59   58   57   55   52   47
   47   45   43   39   36   35   32   27   26   29   32   33   32   31   28   27
   27   27   28   28   29   28   28   26   26
    57.5-180.0 180.0   5.0 450.0                            LAT/LON1/LON2/DLON/H
   30   27   26   25   24   24   22   22   23   23   24   24   23   24   25   25
   24   24   23   22   21   23   25   28   30   33   37   42   46   52   57   62
   65   66   62   61   61   61   62   65   66   64   64   64   61   60   59   56
   54   53   51   49   47   44   40   32   29   35   43   44   42   39   33   31
   29   30   30   30   31   31   31   31   30
    55.0-180.0 180.0   5.0 450.0                            LAT/LON1/LON2/DLON/H
   31   29   27   25   25   24   23   24   24   25   26   26   25   25   24   23
   23   21   19   17   16   18   20   24   30   35   40   46   52   58   61   63
   62   62   60   58   58   58   60   62   64   63   63   63   62   61   59   59
   61   59   57   55   51   46   42   35   33   37   45   45   44   41   34   31
   29   29   31   31   32   33   33   32   31
    52.5-180.0 180.0   5.0 450.0                            LAT/LON1/LON2/DLON/H
   35   34   32   32   30   29   27   27   28   29   29   28   28   27   26   24
   23   21   19   17   16   18   22   25   33   40   47   53   60   65   69   69
   67   66   64   62   61   63   66   68   70   71   71   70   69   69   68   67
   69   65   62   59   55   50   45   42   41   44   46   47   46   45   41   37
   34   33   34   35   34   36   36   35   35
    50.0-180.0 180.0   5.0 450.0                            LAT/LON1/LON2/DLON/H
   38   38   37   37   36   35   33   33   33   33   33   33   33   31   30   29
   28   26   23   22   20   23   27   31   38   47   53   60   67   72   75   75
   73   71   68   65   64   68   72   74   76   78   78   78   77   76   75   74
   73   69   66   62   57   53   50   49   49   49   49   49   49   49   46   41
   39   37   37   36   36   37   38   38   38
    47.5-180.0 180.0   5.0 450.0                            LAT/LON1/LON2/DLON/H
   42   42   42   42   42   41   39   39   38   39   40   40   39   37   35   35
   34   34   32   31   30   34   37   41   48   57   63   68   75   79   82   82
   80   77   74   71   71   74   77   80   83   85   85   85   84   85   83   80
   76   73   69   66   64   61   58   58   57   57   56   56   54   53   49   45
   42   40   38   38   37   40   41   42   42
    45.0-180.0 180.0   5.0 450.0                            LAT/LON1/LON2/DLON/H
   45   46   46   47   47   46   45   45   45   46   47   46   45   44   43   42
   43   44   44   43   43   46   51   56   63   70   75   80   84   88   89   87
   85   84   81   79   80   81   83   86   89   91   91   93   94   95   92   87
   82   78   74   72   71   68   66   64   63   63   62   60   58   56   51   48
   44   42   41   40   39   41   42   44   45
    42.5-180.0 180.0   5.0 450.0                            LAT/LON1/LON2/DLON/H
   46   46   48   50   51   50   51   50   51   53   54   54   52   51   51   52
   53   57   58   58   59   62   67   72   79   84   88   90   92   94   93   90
   90   89   89   88   89   90   92   93   95   97   98  100  104  105  101   98
   89   85   79   77   75   71   69   66   63   63   63   62   60   58   54   49
   46   43   41   39   38   40   42   44   46
    40.0-180.0 180.0   5.0 450.0                            LAT/LON1/LON2/DLON/H
   44   46   48   51   52   52   54   55   56   59   61   60   61   60   60   61
   64   70   72   74   75   77   81   86   93   97   97   97   97   98   94   93
   94   95   97   98  100  102  101  102  102  102  104  107  111  112  112  107
   98   91   84   80   76   72   69   66   64   63   63   62   60   57   54   50
   45   42   39   37   36   37   40   42   44
    37.5-180.0 180.0   5.0 450.0                            LAT/LON1/LON2/DLON/H
   43   45   47   49   51   52   55   56   59   63   66   67   68   67   67   70
   75   81   84   86   86   87   90   95  100  104  105  102  101   99   97   97
   99  101  105  109  112  114  113  111  109  108  109  112  115  117  117  113
  104   96   89   82   76   71   68   65   64   64   63   62   60   57   53   48
   45   41   38   35   34   35   37   40   43
    35.0-180.0 180.0   5.0 450.0                            LAT/LON1/LON2/DLON/H
   41   44   44   46   49   50   53   56   59   64   69   73   75   75   75   78
   84   89   92   93   93   94   97  101  104  107  109  107  106  103  103  103
  103  106  111  117  124  126  125  120  116  115  115  116  119  122  122  118
  108  101   93   85   78   70   66   63   62   62   62   62   60   57   52   47
   43   39   36   34   32   32   35   38   41
    32.5-180.0 180.0   5.0 450.0                            LAT/LON1/LON2/DLON/H
   40   42   42   43   45   47   49   51   57   63   70   76   79   81   82   85
   89   93   95   96   97   98  100  103  107  110  111  111  111  109  108  107
  107  110  118  127  135  137  136  131  126  123  121  123  125  128  127  122
  113  104   95   88   81   72   66   63   62   62   62   62   59   57   51   46
   43   39   37   35   33   33   35   38   40
    30.0-180.0 180.0   5.0 450.0                            LAT/LON1/LON2/DLON/H
   41   42   41   40   41   42   45   47   52   59   68   75   80   84   86   88
   90   93   95   96   96   96   98  100  106  110  112  114  117  117  115  112
  112  116  125  135  143  148  147  144  139  135  133  133  134  135  134  129
  119  110  101   93   84   76   70   68   67   66   66   66   62   58   53   49
   45   42   40   37   34   34   37   39   41
    27.5-180.0 180.0   5.0 450.0                            LAT/LON1/LON2/DLON/H
   42   43   41   40   39   40   41   43   46   54   64   73   80   83   85   85
   86   89   90   91   92   91   93   95  101  108  111  116  122  125  125  122
  121  124  133  142  151  158  159  158  153  151  149  146  145  145  145  140
  128  121  113  104   94   83   78   76   75   73   72   71   67   63   58   54
   50   47   45   41   38   37   39   41   42
    25.0-180.0 180.0   5.0 450.0                            LAT/LON1/LON2/DLON/H
   45   47   44   41   39   39   39   41   44   50   59   68   75   78   79   78
   79   81   81   83   85   85   86   88   95  103  107  115  125  132  135  134
  133  134  140  149  158  167  170  171  168  169  168  163  160  161  161  155
  142  137  130  120  109   97   92   88   84   81   79   76   73   69   63   60
   57   54   52   48   44   42   42   44   45
    22.5-180.0 180.0   5.0 450.0                            LAT/LON1/LON2/DLON/H
   48   52   49   45   42   41   40   42   43   47   54   62   67   70   71   69
   70   71   71   74   78   79   81   85   93  100  106  114  126  138  146  146
  144  143  150  158  167  176  182  183  181  182  184  182  181  181  181  174
  162  158  152  140  128  113  105   98   93   89   86   81   77   74   70   68
   65   64   61   57   50   47   46   48   48
    20.0-180.0 180.0   5.0 450.0                            LAT/LON1/LON2/DLON/H
   51   52   49   46   44   43   47   48   49   49   53   56   58   57   58   61
   62   62   63   70   78   82   88   95  103  109  112  116  127  141  154  153
  152  153  159  172  181  188  191  192  193  198  206  205  205  206  203  193
  187  182  176  165  149  131  119  109  102   97   92   90   87   84   82   80
   77   76   73   66   58   53   51   52   51
    17.5-180.0 180.0   5.0 450.0                            LAT/LON1/LON2/DLON/H
   54   54   52   52   49   47   49   49   50   49   54   57   56   54   54   59
   62   64   66   72   79   85   92  101  110  117  120  127  137  150  161  162
  167  173  181  197  203  202  200  198  205  210  218  220  223  222  218  211
  205  198  192  182  166  147  134  122  111  104   98   96   95   93   91   89
   85   83   79   73   64   58   55   54   54
    15.0-180.0 180.0   5.0 450.0                            LAT/LON1/LON2/DLON/H
   54   55   55   55   53   50   49   47   48   48   52   54   55   53   53   58
   63   68   73   78   84   91   99  109  119  126  131  137  151  164  173  176
  182  191  201  213  214  208  203  205  214  220  228  232  235  233  230  221
  216  212  205  195  180  162  148  133  118  111  106  102  102  100   97   95
   90   85   80   75   66   59   55   55   54
    12.5-180.0 180.0   5.0 450.0                            LAT/LON1/LON2/DLON/H
   53   53   55   57   56   53   50   46   46   48   50   50   51   52   52   57
   61   66   75   83   93  100  105  114  124  133  139  149  159  176  184  189
  195  204  212  217  212  207  205  210  220  230  239  244  241  240  238  231
  223  219  213  203  189  173  158  142  125  115  111  106  104  103  101   96
   88   84   78   73   65   57   54   52   53
    10.0-180.0 180.0   5.0 450.0                            LAT/LON1/LON2/DLON/H
   50   51   53   55   55   53   53   47   44   47   48   47   48   49   49   54
   59   62   70   82   99  106  107  114  124  137  146  156  169  182  189  197
  204  209  212  213  211  207  209  216  225  237  247  250  249  248  244  239
  226  222  216  207  194  179  164  148  132  119  112  108  105  102  100   93
   85   79   73   68   62   56   52   50   50
     7.5-180.0 180.0   5.0 450.0                            LAT/LON1/LON2/DLON/H
   49   48   50   51   52   51   53   48   43   45   47   47   47   49   50   52
   57   62   69   82   96  105  108  115  129  145  154  162  175  186  194  200
  205  209  211  212  212  212  215  222  234  247  254  256  255  253  249  243
  228  224  219  210  196  182  167  153  140  126  115  109  105  100   96   90
   82   75   68   62   57   56   52   49   49
     5.0-180.0 180.0   5.0 450.0                            LAT/LON1/LON2/DLON/H
   50   46   45   46   48   48   48   44   41   43   47   48   49   52   55   58
   62   68   76   87   96  107  113  121  135  150  160  168  179  189  197  203
  208  209  212  214  218  222  227  235  245  256  259  259  258  255  250  244
  232  230  226  217  203  188  173  160  147  133  121  112  106  102   95   88
   81   74   67   60   57   59   57   52   50
     2.5-180.0 180.0   5.0 450.0                            LAT/LON1/LON2/DLON/H
   54   47   43   44   46   46   45   42   40   41   46   50   51   55   60   66
   68   73   82   90  101  111  117  127  137  147  160  172  185  193  202  206
  211  213  218  224  230  235  239  245  254  260  260  258  256  254  252  249
  241  242  238  229  216  201  184  171  156  141  127  118  113  108  101   93
   86   79   71   66   64   68   65   58   54
