IONEX_files/igsg0010.10i
     1.0            IONOSPHERE MAPS     MIX                 IONEX VERSION / TYPE
cmpcmb v1.2          GRL/UWM            15-jan-10 13:38     PGM / RUN BY / DATE 
ionex file containing IGS COMBINED Ionosphere maps          COMMENT             
global ionosphere maps for day 001, 2010                    DESCRIPTION         
IONEX file containing the COMBINED IGS TEC MAPS and DCBs    DESCRIPTION         
      IONEX files of the following IAACs were combined: cod DESCRIPTION         
                                                        esa DESCRIPTION         
                                                        jpl DESCRIPTION         
                                                        upc DESCRIPTION         
Contact address: Andrzej Krankowski                         DESCRIPTION
                 Geodynamics Research Laboratory            DESCRIPTION
                 University of Warmia and Mazury (GRL/UWM)  DESCRIPTION
                 Oczapowski St. 1                           DESCRIPTION
                 10-957-Olsztyn, POLAND                     DESCRIPTION
                 e-mail:  kand@uwm.edu.pl                   DESCRIPTION
                                                            DESCRIPTION
  2010     1     1     0     0     0                        EPOCH OF FIRST MAP  
  2010     1     2     0     0     0                        EPOCH OF LAST MAP   
  7200                                                      INTERVAL            
    13                                                      # OF MAPS IN FILE   
  COSZ                                                      MAPPING FUNCTION    
     0.0                                                    ELEVATION CUTOFF    
combined TEC calculated as weighted mean of input TEC valuesOBSERVABLES USED    
   384                                                      # OF STATIONS       
    32                                                      # OF SATELLITES     
  6371.0                                                    BASE RADIUS         
     2                                                      MAP DIMENSION       
   450.0 450.0   0.0                                        HGT1 / HGT2 / DHGT  
    87.5 -87.5  -2.5                                        LAT1 / LAT2 / DLAT  
  -180.0 180.0   5.0                                        LON1 / LON2 / DLON  
    -1                                                      EXPONENT            
TEC values in 0.1 tec units;  9999, if no value available   COMMENT             
DCB values in nanoseconds, reference is Sum_of_SatDCBs = 0  COMMENT             
                                                            END OF HEADER       
[from data line 1716]
     5                                                      START OF TEC MAP    
  2010     1     1     8     0     0                        EPOCH OF CURRENT MAP
    87.5-180.0 180.0   5.0 450.0                            LAT/LON1/LON2/DLON/H
   11   11   12   11   11   11   12   12   12   12   12   13   13   13   13   13
   14   14   14   14   14   14   14   15   15   15   15   15   15   16   16   16
   16   16   16   16   16   16   16   16   15   15   15   15   14   14   14   13
   13   13   13   13   12   12   12   12   12   11   12   12   11   11   11   11
   11   11   11   11   11   11   11   11   11
    85.0-180.0 180.0   5.0 450.0                            LAT/LON1/LON2/DLON/H
    9    9   10   10   11   10   11   11   11   11   11   12   12   12   13   13
   13   13   13   13   14   14   15   15   15   16   16   17   17   17   18   18
   18   18   18   18   17   17   17   16   16   16   15   15   14   13   13   12
   12   12   11   11   11   10   10    9    9    9    9    9    8    8    8    8
    8    8    8    8    8    8    8    8    9
    82.5-180.0 180.0   5.0 450.0                            LAT/LON1/LON2/DLON/H
    8    8    8    9    8    8    9    9    9    9    9   10   10   10   10   10
   11   12   12   12   13   13   14   14   15   15   16   17   17   17   18   18
   18   18   17   16   16   16   15   15   14   14   13   13   12   12   11   11
   11   11   10   10    9    9    9    8    8    7    7    6    6    6    6    6
    6    6    6    7    7    7    7    7    8
    80.0-180.0 180.0   5.0 450.0                            LAT/LON1/LON2/DLON/H
    8    8    8    9    8    9    8    8    9    9    9    9    9    9   10   10
   10   10   11   11   12   14   13   14   14   15   16   16   17   17   18   18
   17   17   16   15   14   13   12   11   11   10   10   11   11   11   11   11
   11   11   11   10   10   10    9    9    8    8    7    7    7    6    6    6
    6    6    6    7    7    7    8    8    8
    77.5-180.0 180.0   5.0 450.0                            LAT/LON1/LON2/DLON/H
    9    9    9   10   10   10    9   10   10   10   10    9   10    9    9    9
    9    8    8    9   10   11   12   12   13   14   15   16   16   17   17   17
   16   16   15   14   12   10   10   10   10   10   10   11   11   12   13   13
   13   14   14   13   13   13   12   11   10    9    9    8    7    7    7    7
    7    7    8    8    8    8    8    9    9
    75.0-180.0 180.0   5.0 450.0                            LAT/LON1/LON2/DLON/H
   10   10   11   11   11   11   11   11   11   11   11   10   10   10   11   10
   10   10   11   12   12   12   12   13   13   14   14   16   16   17   17   16
   16   14   13   12   10   10   10   10   10   10   11   12   13   14   15   17
   17   18   18   17   17   17   16   15   14   13   11   10   10    9    9    9
    9    9    9    9    9    9    9   10   10
    72.5-180.0 180.0   5.0 450.0                            LAT/LON1/LON2/DLON/H
   11   12   12   12   13   13   13   12   12   12   12   12   12   12   12   12
   11   12   12   13   13   13   13   14   14   14   15   15   16   16   16   16
   15   14   12   10   11   11   11   11   11   12   13   14   16   18   19   21
   22   24   25   26   25   24   23   21   20   17   16   15   14   13   13   12
   12   12   12   11   11   11   11   11   11
    70.0-180.0 180.0   5.0 450.0                            LAT/LON1/LON2/DLON/H
   15   15   16   16   16   16   15   14   13   13   13   13   13   13   13   13
   14   14   14   14   15   15   15   16   15   15   16   16   16   16   16   15
   14   13   12   11   11   12   12   13   13   15   16   18   20   23   25   28
   31   34   35   36   35   34   31   28   26   24   22   20   18   17   17   17
   17   17   16   15   15   15   14   15   15
    67.5-180.0 180.0   5.0 450.0                            LAT/LON1/LON2/DLON/H
   19   19   19   20   19   19   17   16   15   14   13   14   14   15   15   15
   16   16   16   16   17   17   17   17   17   17   17   17   17   17   16   14
   13   12   11   11   12   13   14   15   17   19   21   23   26   31   35   39
   43   45   47   47   45   42   38   35   32   29   27   25   23   22   22   22
   21   20   20   20   19   19   19   19   19
    65.0-180.0 180.0   5.0 450.0                            LAT/LON1/LON2/DLON/H
   23   23   24   24   23   22   20   18   16   15   13   13   14   15   16   17
   18   18   18   19   19   19   19   19   19   18   17   17   17   16   16   15
   14   13   12   13   14   15   17   19   21   24   27   32   37   42   47   51
   55   56   57   57   54   49   45   42   39   35   32   30   28   27   26   26
   25   25   25   24   23   23   23   23   23
    62.5-180.0 180.0   5.0 450.0                            LAT/LON1/LON2/DLON/H
   28   28   28   28   27   26   23   20   18   16   14   14   14   15   16   18
   18   19   19   19   20   20   19   21   20   19   18   18   17   17   17   16
   15   14   14   14   16   18   20   24   29   34   39   44   50   54   58   61
   63   65   65   65   62   57   52   49   46   41   37   35   33   32   31   30
   30   29   29   28   27   27   27   27   28
    60.0-180.0 180.0   5.0 450.0                            LAT/LON1/LON2/DLON/H
   31   33   33   33   32   30   28   24   21   18   16   15   15   16   17   18
   19   19   19   19   19   19   20   21   20   20   19   18   18   18   18   17
   17   17   16   17   20   23   28   33   39   44   50   56   60   65   67   69
   71   71   70   70   67   64   61   57   52   47   43   40   38   36   35   34
   33   33   32   32   30   29   29   30   31
    57.5-180.0 180.0   5.0 450.0                            LAT/LON1/LON2/DLON/H
   36   37   38   39   37   36   33   29   25   21   18   15   16   16   18   19
   19   19   19   19   19   20   21   22   22   22   21   20   20   20   20   20
   19   19   20   22   25   29   35   41   48   55   61   66   71   74   76   76
   75   76   74   74   73   71   67   63   58   53   48   44   42   40   39   38
   37   35   35   34   33   31   32   34   36
    55.0-180.0 180.0   5.0 450.0                            LAT/LON1/LON2/DLON/H
   40   42   43   44   43   42   39   35   30   25   22   18   18   19   20   20
   19   19   19   18   19   21   25   26   26   25   24   23   23   24   24   23
   23   22   24   27   30   36   42   49   56   63   70   75   79   82   82   81
   80   79   78   77   76   74   71   68   63   58   53   49   46   44   42   40
   38   37   36   36   35   34   35   37   40
    52.5-180.0 180.0   5.0 450.0                            LAT/LON1/LON2/DLON/H
   43   45   47   48   49   48   46   42   37   32   27   22   21   21   21   21
   21   20   19   19   21   25   28   32   32   31   28   28   29   29   29   28
   27   28   29   32   37   43   49   56   63   70   76   81   85   87   86   85
   84   82   81   79   78   76   75   72   67   63   58   53   49   46   44   42
   39   38   38   38   38   38   39   41   43
    50.0-180.0 180.0   5.0 450.0                            LAT/LON1/LON2/DLON/H
   46   48   50   51   53   54   52   50   45   39   33   28   26   24   24   24
   22   21   20   21   24   29   34   39   40   38   35   34   35   35   35   35
   34   34   35   38   43   49   54   61   68   74   80   85   89   91   91   91
   89   87   83   81   79   78   77   76   73   69   64   58   53   49   45   42
   40   39   39   39   41   41   43   45   46
    47.5-180.0 180.0   5.0 450.0                            LAT/LON1/LON2/DLON/H
   49   50   52   54   57   58   59   57   54   47   41   35   31   29   28   27
   25   23   23   25   29   36   42   47   49   47   44   43   43   42   42   42
   42   43   43   46   51   56   61   66   72   77   82   88   92   95   97   97
   95   92   88   84   81   80   80   79   78   74   70   64   58   52   47   43
   41   40   40   42   43   44   46   48   49
    45.0-180.0 180.0   5.0 450.0                            LAT/LON1/LON2/DLON/H
   50   51   52   54   58   61   63   63   61   55   48   42   38   34   32   30
   28   27   27   31   37   43   51   58   60   58   55   53   52   50   49   48
   48   49   50   53   58   63   67   70   75   80   85   90   95   99  102  104
  103   99   93   89   85   84   84   84   82   79   75   69   63   56   50   46
   44   43   43   44   44   46   48   50   50
    42.5-180.0 180.0   5.0 450.0                            LAT/LON1/LON2/DLON/H
   51   51   51   53   56   61   65   67   66   62   55   49   44   39   37   35
   33   32   32   38   44   52   60   67   70   69   66   63   60   58   56   53
   53   53   55   60   65   69   72   75   79   83   88   92   97  102  107  110
  110  107  101   95   90   88   87   87   86   83   79   73   68   61   55   51
   48   47   46   46   46   47   48   50   51
    40.0-180.0 180.0   5.0 450.0                            LAT/LON1/LON2/DLON/H
   50   50   50   51   54   59   64   68   69   66   61   55   50   45   42   40
   38   38   39   45   52   60   68   74   77   77   74   70   67   64   61   59
   57   58   61   66   71   74   77   80   83   87   91   95  100  105  112  116
  117  114  108  101   95   92   91   90   89   87   83   78   73   67   61   56
   53   51   50   49   48   47   48   50   50
    37.5-180.0 180.0   5.0 450.0                            LAT/LON1/LON2/DLON/H
   49   49   48   49   51   56   62   66   69   68   65   60   56   52   48   46
   44   44   46   53   60   68   75   80   83   83   80   76   72   69   65   63
   61   62   66   72   76   80   82   85   88   91   95   99  103  109  115  120
  122  120  115  108  102   97   95   93   92   89   87   83   79   74   68   63
   58   55   53   52   50   48   47   49   49
    35.0-180.0 180.0   5.0 450.0                            LAT/LON1/LON2/DLON/H
   49   48   47   47   48   52   57   62   66   68   67   64   61   58   55   52
   50   51   55   60   67   74   79   84   86   86   84   80   75   72   68   67
   66   67   72   76   82   84   87   90   92   96  100  103  106  111  118  124
  127  126  122  115  108  104  101   98   96   94   92   89   86   82   77   71
   66   62   58   55   52   48   47   48   49
    32.5-180.0 180.0   5.0 450.0                            LAT/LON1/LON2/DLON/H
   48   48   47   46   45   48   52   57   62   65   66   66   65   62   60   58
   57   58   61   67   73   79   84   87   87   87   84   80   76   73   70   70
   70   72   77   81   85   89   91   93   96  101  105  107  110  115  122  128
  132  133  130  124  118  114  110  107  105  102   99   97   96   92   88   82
   75   69   63   59   54   49   47   48   48
    30.0-180.0 180.0   5.0 450.0                            LAT/LON1/LON2/DLON/H
   49   49   48   46   45   44   48   52   57   61   64   66   66   65   63   62
   62   63   67   72   78   83   86   87   87   85   83   79   74   72   71   71
   72   75   81   86   89   93   95   97  101  105  110  113  116  120  126  132
  139  141  139  136  130  126  123  120  117  113  111  109  107  104  100   94
   86   77   70   63   58   52   49   48   49
    27.5-180.0 180.0   5.0 450.0                            LAT/LON1/LON2/DLON/H
   51   51   51   48   45   44   45   48   51   55   59   62   64   64   64   63
   64   65   69   75   80   83   85   86   84   80   78   75   72   70   71   72
   74   78   84   90   94   97   99  101  106  112  118  121  123  127  132  141
  148  152  151  149  145  142  139  135  132  130  126  125  123  120  115  108
   99   88   78   70   63   56   52   51   51
    25.0-180.0 180.0   5.0 450.0                            LAT/LON1/LON2/DLON/H
   55   55   54   51   47   45   43   44   47   50   54   56   59   61   62   62
   63   65   69   74   79   81   82   84   81   77   73   71   69   68   70   72
   75   79   86   93   98  102  104  107  112  121  127  130  132  136  142  151
  160  166  167  166  163  162  157  154  150  147  144  143  141  138  131  125
  113  101   88   78   69   62   57   55   55
    22.5-180.0 180.0   5.0 450.0                            LAT/LON1/LON2/DLON/H
   59   60   58   55   51   48   45   44   44   46   48   51   54   55   57   58
   58   60   64   70   75   78   81   81   79   74   70   67   64   64   66   70
   74   79   87   96  103  107  110  115  121  131  137  141  143  147  155  165
  174  181  183  184  183  182  176  173  168  165  163  161  159  156  148  139
  128  113   99   87   76   68   62   60   59
    20.0-180.0 180.0   5.0 450.0                            LAT/LON1/LON2/DLON/H
   64   63   61   58   54   51   48   46   45   44   45   46   48   49   50   51
   51   54   58   63   69   75   79   79   76   71   66   62   60   60   62   68
   74   80   89   99  108  113  118  124  132  140  148  151  155  159  169  179
  189  195  198  200  201  200  194  191  186  183  180  176  175  171  165  154
  142  126  111   97   84   74   68   65   64
    17.5-180.0 180.0   5.0 450.0                            LAT/LON1/LON2/DLON/H
   67   66   64   60   56   53   51   49   48   45   44   44   44   44   44   44
   45   47   50   56   64   71   76   75   73   67   62   58   55   55   58   65
   73   80   91  103  112  119  126  134  141  150  157  162  165  171  180  191
  200  207  210  213  214  212  210  207  201  197  194  190  187  184  179  168
  156  138  123  107   92   82   74   70   67
    15.0-180.0 180.0   5.0 450.0                            LAT/LON1/LON2/DLON/H
   71   69   66   62   59   56   54   54   52   49   47   44   43   42   42   41
   40   42   46   51   59   65   70   72   69   64   58   54   51   51   55   63
   72   81   93  105  117  126  134  141  150  159  166  170  174  180  189  200
  208  213  217  219  222  222  221  218  211  206  205  202  198  194  190  181
  167  150  134  115  101   89   80   75   71
    12.5-180.0 180.0   5.0 450.0                            LAT/LON1/LON2/DLON/H
   75   72   68   64   61   58   57   57   56   53   50   47   44   43   42   41
   39   40   42   47   53   59   64   66   64   59   53   49   46   47   51   60
   71   82   95  108  120  131  140  148  157  166  173  177  180  186  195  203
  210  214  218  222  225  227  227  224  218  213  210  208  206  203  197  188
  175  159  141  125  110   97   87   79   75
    10.0-180.0 180.0   5.0 450.0                            LAT/LON1/LON2/DLON/H
   80   75   71   66   62   59   59   60   61   59   56   52   49   47   45   43
   40   39   41   44   50   55   58   60   58   54   48   44   42   43   49   59
   73   85   97  110  123  134  143  152  162  170  177  181  184  189  197  203
  208  211  215  220  225  228  230  228  223  217  213  212  211  209  203  193
  181  165  149  133  117  104   93   86   80
     7.5-180.0 180.0   5.0 450.0                            LAT/LON1/LON2/DLON/H
   85   79   73   69   63   59   59   63   65   65   62   58   55   52   50   47
   44   42   42   44   48   52   54   54   53   49   43   40   38   41   48   61
   75   87   99  111  123  134  144  153  163  172  179  183  186  190  196  202
  205  206  210  216  222  227  230  230  227  222  219  218  217  215  209  198
  186  172  154  138  123  111  100   91   85
     5.0-180.0 180.0   5.0 450.0                            LAT/LON1/LON2/DLON/H
   89   83   77   70   63   59   59   63   67   68   67   63   60   57   54   51
   49   46   45   46   48   50   51   50   50   46   41   38   37   40   50   63
   77   88   99  111  121  131  142  151  161  170  178  182  186  191  196  201
  203  204  208  215  223  228  232  233  232  229  228  228  227  223  215  204
  192  178  160  143  128  115  106   97   89
     2.5-180.0 180.0   5.0 450.0                            LAT/LON1/LON2/DLON/H
   94   87   80   72   65   59   58   62   66   69   68   65   63   60   58   55
   52   50   48   48   48   49   49   47   47   44   41   38   38   42   53   68
   79   90  100  109  119  127  137  147  157  167  175  181  187  193  199  204
  205  207  211  219  228  234  238  240  239  238  239  241  241  235  225  212
  197  183  165  148  133  121  111  102   94
