IONEX_files/igsg0030.10i
     1.0            IONOSPHERE MAPS     MIX                 IONEX VERSION / TYPE
cmpcmb v1.2          GRL/UWM            20-jan-10 08:00     PGM / RUN BY / DATE 
ionex file containing IGS COMBINED Ionosphere maps          COMMENT             
global ionosphere maps for day 003, 2010                    DESCRIPTION         
IONEX file containing the COMBINED IGS TEC MAPS and DCBs    DESCRIPTION         
      IONEX files of the following IAACs were combined: cod DESCRIPTION         
                                                        jpl DESCRIPTION         
                                                        upc DESCRIPTION         
Contact address: Andrzej Krankowski                         DESCRIPTION
                 Geodynamics Research Laboratory            DESCRIPTION
                 University of Warmia and Mazury (GRL/UWM)  DESCRIPTION
                 Oczapowski St. 1                           DESCRIPTION
                 10-957-Olsztyn, POLAND                     DESCRIPTION
                 e-mail:  kand@uwm.edu.pl                   DESCRIPTION
                                                            DESCRIPTION
  2010     1     3     0     0     0                        EPOCH OF FIRST MAP  
  2010     1     4     0     0     0                        EPOCH OF LAST MAP   
  7200                                                      INTERVAL            
    13                                                      # OF MAPS IN FILE   
  COSZ                                                      MAPPING FUNCTION    
     0.0                                                    ELEVATION CUTOFF    
combined TEC calculated as weighted mean of input TEC valuesOBSERVABLES USED    
   305                                                      # OF STATIONS       
    32                                                      # OF SATELLITES     
  6371.0                                                    BASE RADIUS         
     2                                                      MAP DIMENSION       
   450.0 450.0   0.0                                        HGT1 / HGT2 / DHGT  
    87.5 -87.5  -2.5                                        LAT1 / LAT2 / DLAT  
  -180.0 180.0   5.0                                        LON1 / LON2 / DLON  
    -1                                                      EXPONENT            
TEC values in 0.1 tec units;  9999, if no value available   COMMENT             
DCB values in nanoseconds, reference is Sum_of_SatDCBs = 0  COMMENT             
                                                            END OF HEADER       
[from data line 2574]
     7                                                      START OF TEC MAP    
  2010     1     3    12     0     0                        EPOCH OF CURRENT MAP
    87.5-180.0 180.0   5.0 450.0                            LAT/LON1/LON2/DLON/H
   28   28   28   28   28   28   25   25   25   25   24   24   24   24   24   24
   24   24   24   24   24   25   26   26   26   26   26   26   26   27   28   28
   28   28   29   29   29   29   29   30   30   30   31   31   31   30   30   30
   29   29   29   29   29   29   29   29   29   29   28   29   29   29   29   29
   29   29   29   29   29   29   29   28   28
    85.0-180.0 180.0   5.0 450.0                            LAT/LON1/LON2/DLON/H
   32   31   31   31   30   29   27   26   26   25   24   24   23   23   22   23
   23   23   23   23   23   23   23   23   22   22   23   25   26   26   27   27
   27   28   29   29   29   29   30   30   30   31   32   33   33   33   33   34
   30   30   29   29   29   29   29   29   29   29   29   29   30   30   30   30
   31   31   32   32   32   32   32   32   32
    82.5-180.0 180.0   5.0 450.0                            LAT/LON1/LON2/DLON/H
   36   36   35   33   31   29   24   23   22   21   21   21   20   20   20   20
   20   21   21   21   22   22   22   20   20   21   22   23   24   26   27   28
   28   30   30   31   31   31   31   31   32   31   31   31   31   31   32   32
   29   28   28   28   28   28   28   28   29   29   29   30   30   31   32   33
   33   35   36   36   35   36   36   36   36
    80.0-180.0 180.0   5.0 450.0                            LAT/LON1/LON2/DLON/H
   39   35   34   31   30   28   24   24   24   24   23   21   20   20   19   19
   18   18   18   18   19   21   21   19   21   22   23   23   25   27   28   28
   30   30   31   32   32   33   34   34   33   32   32   32   31   29   28   28
   25   25   26   26   27   26   26   27   27   28   28   29   30   30   32   33
   35   36   36   37   37   38   39   39   39
    77.5-180.0 180.0   5.0 450.0                            LAT/LON1/LON2/DLON/H
   38   37   35   34   33   32   28   26   24   21   20   20   20   20   20   18
   17   17   17   18   18   20   19   20   20   22   21   23   26   27   28   29
   31   32   33   33   33   33   35   35   35   34   31   31   30   29   28   26
   22   22   23   24   25   25   25   24   25   25   26   26   27   28   29   30
   31   33   34   35   36   37   38   38   38
    75.0-180.0 180.0   5.0 450.0                            LAT/LON1/LON2/DLON/H
   38   38   38   37   36   33   26   22   20   22   22   22   21   19   18   17
   18   17   18   18   20   20   20   21   23   22   24   24   26   28   32   32
   32   33   34   35   36   37   37   36   36   35   33   31   31   31   29   27
   21   21   21   21   23   23   22   21   21   21   21   21   21   22   23   24
   25   28   29   30   32   34   35   37   38
    72.5-180.0 180.0   5.0 450.0                            LAT/LON1/LON2/DLON/H
   39   39   39   40   37   36   25   23   25   25   25   22   21   19   18   18
   19   20   20   23   21   23   24   23   25   27   28   27   28   31   35   36
   36   36   37   37   39   40   40   39   38   36   35   34   33   33   32   29
   23   22   21   20   21   21   20   19   18   17   17   16   15   15   15   16
   18   22   24   25   27   30   33   36   39
    70.0-180.0 180.0   5.0 450.0                            LAT/LON1/LON2/DLON/H
   38   39   40   40   39   38   29   28   28   28   25   23   20   19   20   21
   20   21   23   23   22   27   29   27   30   29   31   30   32   32   36   38
   40   40   42   45   45   44   45   45   43   41   39   38   37   35   34   32
   26   24   22   21   20   19   18   16   16   15   15   14   12   11   11   11
   14   16   18   21   25   28   31   35   38
    67.5-180.0 180.0   5.0 450.0                            LAT/LON1/LON2/DLON/H
   35   37   39   39   39   38   31   31   31   29   27   26   23   22   23   23
   24   24   24   27   26   31   32   31   32   30   30   33   33   35   38   41
   43   46   49   51   51   51   52   51   49   48   46   43   41   39   37   35
   29   27   26   23   21   19   18   16   15   14   13   13   11   11   11   11
   13   15   18   22   27   28   30   33   35
    65.0-180.0 180.0   5.0 450.0                            LAT/LON1/LON2/DLON/H
   34   36   36   36   36   36   31   33   33   32   30   27   25   25   26   27
   29   28   30   31   31   34   35   33   33   32   30   33   34   37   43   45
   49   53   56   57   59   58   58   56   56   54   50   49   47   45   42   39
   32   29   28   25   23   21   18   17   14   13   13   13   12   12   12   13
   15   19   21   27   30   30   31   33   34
    62.5-180.0 180.0   5.0 450.0                            LAT/LON1/LON2/DLON/H
   38   35   34   33   32   32   29   31   31   31   31   29   29   29   28   30
   32   33   33   35   37   38   35   34   31   34   31   34   36   42   48   52
   57   60   60   63   63   63   61   61   60   59   56   54   51   49   47   43
   34   32   30   28   25   24   21   20   18   18   17   17   18   18   19   20
   23   25   30   33   36   37   36   37   38
    60.0-180.0 180.0   5.0 450.0                            LAT/LON1/LON2/DLON/H
   40   36   34   32   30   29   26   26   27   29   30   29   32   31   29   31
   33   31   32   35   37   35   33   32   30   33   33   37   42   47   53   60
   63   65   66   66   66   64   65   65   65   64   62   60   57   53   50   45
   37   35   34   32   30   29   27   26   26   26   27   28   30   30   31   32
   33   36   40   43   45   44   43   40   40
    57.5-180.0 180.0   5.0 450.0                            LAT/LON1/LON2/DLON/H
   46   39   35   33   31   28   27   27   26   27   27   27   29   28   28   31
   31   29   28   28   29   28   29   30   32   36   38   42   48   55   63   68
   71   72   72   71   69   67   68   69   69   68   67   66   61   58   53   49
   41   40   40   38   36   35   34   33   34   35   39   43   44   45   45   45
   46   50   52   53   54   52   51   47   46
    55.0-180.0 180.0   5.0 450.0                            LAT/LON1/LON2/DLON/H
   53   46   40   37   35   32   25   25   24   24   25   24   24   24   25   27
   27   26   25   24   25   26   28   30   33   38   43   47   52   59   64   68
   69   69   69   67   65   63   64   64   65   64   61   58   54   50   46   44
   49   48   47   45   43   43   42   41   41   45   54   59   58   58   58   60
   59   63   65   64   63   61   61   55   53
    52.5-180.0 180.0   5.0 450.0                            LAT/LON1/LON2/DLON/H
   58   49   44   43   42   39   30   28   27   26   25   24   23   23   24   23
   24   23   22   21   22   25   28   32   37   44   49   54   60   66   70   73
   74   74   74   73   71   70   70   71   71   70   69   65   62   58   55   53
   56   55   52   50   49   47   46   43   44   48   57   62   64   65   68   72
   72   71   73   70   67   66   65   60   58
    50.0-180.0 180.0   5.0 450.0                            LAT/LON1/LON2/DLON/H
   60   53   49   48   48   46   38   35   33   31   28   27   25   24   23   23
   23   22   21   22   23   26   31   35   42   50   55   62   66   73   76   79
   80   80   79   78   77   77   77   78   77   77   76   73   70   67   65   63
   63   61   58   55   51   49   47   46   47   50   55   60   65   67   71   76
   76   75   72   68   65   66   66   62   60
    47.5-180.0 180.0   5.0 450.0                            LAT/LON1/LON2/DLON/H
   62   55   53   54   54   53   46   43   40   38   35   33   31   28   26   25
   24   24   24   24   26   31   36   41   48   56   62   69   73   78   82   84
   85   85   84   85   85   84   84   84   84   83   82   80   78   77   75   71
   67   65   62   58   52   48   50   51   52   55   58   62   67   68   70   73
   72   70   67   64   62   63   65   62   62
    45.0-180.0 180.0   5.0 450.0                            LAT/LON1/LON2/DLON/H
   62   55   55   57   58   56   54   51   50   47   44   41   38   35   32   31
   29   29   30   31   33   39   45   51   58   64   70   77   80   84   86   87
   88   89   90   91   91   92   91   91   90   89   87   87   87   87   84   79
   73   70   65   62   57   54   54   56   57   59   63   66   69   70   70   70
   68   66   63   61   59   60   62   62   62
    42.5-180.0 180.0   5.0 450.0                            LAT/LON1/LON2/DLON/H
   58   53   54   58   59   57   58   58   57   56   54   50   47   43   40   38
   37   38   39   40   44   49   57   63   69   74   78   82   85   89   90   90
   91   93   95   97   98   99   98   97   95   94   92   93   95   95   92   88
   80   76   70   66   63   60   57   56   56   59   63   66   68   69   67   66
   65   62   60   58   55   55   57   57   58
    40.0-180.0 180.0   5.0 450.0                            LAT/LON1/LON2/DLON/H
   51   50   52   55   57   57   61   62   63   65   63   59   57   53   50   48
   47   47   49   51   55   60   68   74   79   82   85   87   89   91   93   92
   94   97  101  103  105  106  104  102  100   98   97   98  100  101   99   95
   87   81   75   72   67   63   60   58   57   60   63   66   67   67   64   63
   61   57   55   54   50   49   50   50   51
    37.5-180.0 180.0   5.0 450.0                            LAT/LON1/LON2/DLON/H
   47   46   48   50   52   54   60   62   66   69   69   68   66   63   59   58
   57   57   58   62   65   69   75   81   85   87   87   89   92   93   95   97
   99  102  107  110  112  112  110  109  105  103  101  103  105  105  104   99
   93   87   81   76   70   64   61   59   60   63   64   67   67   66   63   60
   57   55   51   50   47   45   45   46   47
    35.0-180.0 180.0   5.0 450.0                            LAT/LON1/LON2/DLON/H
   44   44   43   45   48   51   56   60   65   70   72   73   73   71   68   66
   65   66   67   70   73   77   82   86   88   89   88   87   93   95   98  101
  104  109  115  119  122  121  118  115  112  109  108  109  111  111  109  104
   97   93   86   82   74   67   62   59   59   62   64   67   67   65   61   57
   55   52   49   48   45   43   43   43   44
    32.5-180.0 180.0   5.0 450.0                            LAT/LON1/LON2/DLON/H
   44   41   40   41   43   46   50   55   61   68   71   75   76   76   74   72
   71   72   73   75   78   83   87   90   91   90   88   88   93   97  100  106
  109  116  123  130  131  132  129  127  125  120  119  120  121  121  118  110
  103   98   93   88   80   71   65   62   61   64   66   67   66   63   60   57
   54   51   49   47   45   43   43   43   44
    30.0-180.0 180.0   5.0 450.0                            LAT/LON1/LON2/DLON/H
   44   41   39   38   39   42   45   50   55   61   67   72   75   76   76   74
   73   74   75   78   81   85   89   91   91   91   89   91   95  100  104  111
  117  125  134  141  144  144  144  145  143  141  139  137  136  135  129  120
  110  105  102   97   87   77   70   68   68   70   70   70   68   65   61   58
   56   53   50   48   46   45   44   43   44
    27.5-180.0 180.0   5.0 450.0                            LAT/LON1/LON2/DLON/H
   48   43   41   39   39   39   41   45   49   54   60   67   71   72   73   71
   70   70   73   75   80   84   88   89   89   89   89   91   96  103  110  119
  127  136  146  154  159  161  164  168  167  165  161  157  153  152  148  139
  126  119  115  109   97   85   79   76   76   78   78   76   74   71   65   61
   58   56   53   50   47   46   47   47   48
    25.0-180.0 180.0   5.0 450.0                            LAT/LON1/LON2/DLON/H
   51   48   44   42   40   41   40   42   44   48   54   59   63   65   66   64
   63   63   66   69   75   80   84   86   86   87   87   91   98  108  118  129
  138  149  160  169  177  183  187  191  191  189  185  179  175  175  174  163
  147  138  132  125  113   99   92   88   86   87   88   84   81   76   70   66
   62   59   57   53   49   48   50   51   51
    22.5-180.0 180.0   5.0 450.0                            LAT/LON1/LON2/DLON/H
   52   51   49   46   44   44   42   43   43   44   48   52   54   56   56   55
   54   54   57   61   68   75   81   84   87   88   89   93  102  114  128  140
  151  161  177  186  197  202  207  212  213  210  207  203  199  201  200  190
  174  162  150  139  130  115  107  101   97   98   99   93   88   82   76   73
   69   65   61   57   51   50   51   52   52
    20.0-180.0 180.0   5.0 450.0                            LAT/LON1/LON2/DLON/H
   54   53   51   48   47   46   48   49   46   44   45   47   48   46   46   50
   50   50   52   57   67   76   86   93   99  104  106  109  116  127  138  148
  161  172  192  206  213  216  217  221  222  223  226  220  217  221  222  214
  201  188  174  159  146  130  119  111  108  110  109  104   99   92   87   84
   80   76   69   63   57   54   53   54   54
    17.5-180.0 180.0   5.0 450.0                            LAT/LON1/LON2/DLON/H
   56   55   53   51   50   49   49   49   48   44   44   45   46   44   43   48
   49   50   53   58   67   79   88   97  105  111  115  120  128  139  149  162
  178  194  207  214  219  221  223  228  232  236  239  235  233  235  237  230
  220  205  192  178  163  147  134  124  118  119  117  112  106   99   94   91
   88   82   74   68   61   58   56   56   56
    15.0-180.0 180.0   5.0 450.0                            LAT/LON1/LON2/DLON/H
   56   55   54   52   51   50   47   46   45   42   42   43   44   43   43   45
   49   52   57   64   73   85   94  104  112  120  126  131  143  153  163  176
  190  203  211  214  217  220  225  233  239  243  246  244  244  244  245  239
  229  219  207  194  180  162  148  138  128  126  125  119  113  105  100   97
   92   86   79   71   64   59   57   56   56
    12.5-180.0 180.0   5.0 450.0                            LAT/LON1/LON2/DLON/H
   55   54   53   51   49   48   45   44   42   41   40   39   40   41   41   45
   48   52   59   68   82   94  100  109  117  127  135  144  155  169  175  187
  198  206  211  212  215  219  226  234  240  246  251  252  249  249  249  243
  235  226  217  206  192  176  161  148  137  131  129  123  117  110  103   98
   93   87   79   72   65   59   57   55   55
    10.0-180.0 180.0   5.0 450.0                            LAT/LON1/LON2/DLON/H
   52   52   51   50   47   45   42   41   40   39   38   37   37   38   38   42
   45   48   56   68   85   98  103  111  120  132  143  154  167  179  183  194
  202  207  211  213  215  219  225  233  239  248  254  255  254  254  252  247
  238  231  224  214  201  185  171  157  144  135  129  123  119  112  105   98
   92   85   78   72   66   59   56   53   52
     7.5-180.0 180.0   5.0 450.0                            LAT/LON1/LON2/DLON/H
   51   49   49   47   45   42   41   39   37   37   38   36   36   36   37   40
   44   48   58   73   86   98  105  113  123  137  148  161  175  186  191  198
  203  209  215  215  217  220  224  232  241  252  259  261  260  259  255  249
  240  235  229  220  207  194  180  165  152  141  131  124  119  114  107   99
   91   84   77   70   65   59   56   52   51
     5.0-180.0 180.0   5.0 450.0                            LAT/LON1/LON2/DLON/H
   51   50   49   47   43   40   40   37   35   36   38   38   38   38   40   43
   47   53   63   76   87  100  110  118  129  140  154  168  181  190  195  201
  207  214  218  219  221  226  232  239  248  259  265  267  265  262  258  251
  246  242  236  228  217  205  193  178  163  150  137  128  121  117  111  103
   94   85   79   72   66   61   57   53   51
     2.5-180.0 180.0   5.0 450.0                            LAT/LON1/LON2/DLON/H
   56   53   51   47   43   40   39   37   35   36   39   40   40   42   44   48
   51   58   69   79   91  106  115  124  132  143  158  173  185  194  200  206
  213  218  224  228  232  238  243  249  256  266  270  272  271  268  264  259
  258  254  248  241  233  222  209  196  179  163  149  137  129  124  117  109
   99   91   84   76   70   65   62   58   56
