IONEX_files/igsg0020.10i
     1.0            IONOSPHERE MAPS     MIX                 IONEX VERSION / TYPE
cmpcmb v1.2          GRL/UWM            15-jan-10 13:43     PGM / RUN BY / DATE 
ionex file containing IGS COMBINED Ionosphere maps          COMMENT             
global ionosphere maps for day 002, 2010                    DESCRIPTION         
IONEX file containing the COMBINED IGS TEC MAPS and DCBs    DESCRIPTION         
      IONEX files of the following IAACs were combined: cod DESCRIPTION         
                                                        esa DESCRIPTION         
                                                        jpl DESCRIPTION         
                                                        upc DESCRIPTION         
Contact address: Andrzej Krankowski                         DESCRIPTION
                 Geodynamics Research Laboratory            DESCRIPTION
                 University of Warmia and Mazury (GRL/UWM)  DESCRIPTION
                 Oczapowski St. 1                           DESCRIPTION
                 10-957-Olsztyn, POLAND                     DESCRIPTION
                 e-mail:  kand@uwm.edu.pl                   DESCRIPTION
                                                            DESCRIPTION
  2010     1     2     0     0     0                        EPOCH OF FIRST MAP  
  2010     1     3     0     0     0                        EPOCH OF LAST MAP   
  7200                                                      INTERVAL            
    13                                                      # OF MAPS IN FILE   
  COSZ                                                      MAPPING FUNCTION    
     0.0                                                    ELEVATION CUTOFF    
combined TEC calculated as weighted mean of input TEC valuesOBSERVABLES USED    
   384                                                      # OF STATIONS       
    32                                                      # OF SATELLITES     
  6371.0                                                    BASE RADIUS         
     2                                                      MAP DIMENSION       
   450.0 450.0   0.0                                        HGT1 / HGT2 / DHGT  
    87.5 -87.5  -2.5                                        LAT1 / LAT2 / DLAT  
  -180.0 180.0   5.0                                        LON1 / LON2 / DLON  
    -1                                                      EXPONENT            
TEC values in 0.1 tec units;  9999, if no value available   COMMENT             
DCB values in nanoseconds, reference is Sum_of_SatDCBs = 0  COMMENT             
                                                            END OF HEADER       
[from data line 1287]
     4                                                      START OF TEC MAP    
  2010     1     2     6     0     0                        EPOCH OF CURRENT MAP
    87.5-180.0 180.0   5.0 450.0                            LAT/LON1/LON2/DLON/H
   17   17   17   17   18   18   18   18   18   18   18   19   19   19   19   19
   19   20   20   20   20   20   20   20   20   20   20   20   21   21   21   21
   21   22   22   21   21   21   21   21   21   21   21   20   20   20   20   19
   19   19   18   18   18   17   17   16   16   16   15   16   15   15   15   15
   15   15   15   15   15   16   16   16   17
    85.0-180.0 180.0   5.0 450.0                            LAT/LON1/LON2/DLON/H
   17   17   17   18   18   19   19   19   19   19   20   20   19   20   20   19
   19   19   19   20   19   19   19   20   20   21   21   21   22   22   22   23
   23   24   24   24   24   24   24   24   23   22   22   21   21   20   19   18
   17   17   17   16   15   15   15   14   14   13   12   12   12   12   12   12
   12   13   14   14   14   15   16   16   17
    82.5-180.0 180.0   5.0 450.0                            LAT/LON1/LON2/DLON/H
   16   16   17   17   18   19   20   20   21   21   21   21   21   21   20   20
   19   19   19   18   17   18   17   18   19   20   21   21   22   23   24   25
   25   26   26   27   27   26   26   25   25   23   22   21   20   19   18   17
   16   15   14   14   13   13   13   12   12   12   12   12   11   11   11   11
   12   13   13   14   15   15   15   15   16
    80.0-180.0 180.0   5.0 450.0                            LAT/LON1/LON2/DLON/H
   14   15   16   17   18   20   21   22   23   23   23   23   23   22   21   20
   19   18   18   17   16   15   15   16   16   17   18   19   21   23   24   26
   27   28   28   28   28   27   26   25   24   23   21   20   18   17   16   15
   14   14   14   13   13   13   13   14   13   13   12   12   12   11   11   11
   11   12   12   12   12   13   13   14   14
    77.5-180.0 180.0   5.0 450.0                            LAT/LON1/LON2/DLON/H
   13   14   15   17   19   20   22   23   24   25   25   25   24   23   22   20
   19   18   17   16   15   14   14   17   15   16   18   19   21   23   25   26
   28   29   29   28   28   27   25   23   21   19   17   16   15   14   14   13
   14   14   15   15   16   17   17   17   17   17   16   15   14   13   13   12
   12   12   12   11   11   12   12   12   13
    75.0-180.0 180.0   5.0 450.0                            LAT/LON1/LON2/DLON/H
   13   14   15   17   19   21   23   23   24   25   26   25   25   24   22   20
   19   18   17   15   15   14   14   15   19   18   17   20   21   23   25   26
   26   27   27   27   26   24   21   19   17   14   14   14   14   14   14   15
   16   17   18   20   22   23   24   24   24   24   23   22   21   19   18   16
   15   14   13   12   12   12   12   12   13
    72.5-180.0 180.0   5.0 450.0                            LAT/LON1/LON2/DLON/H
   15   16   17   18   19   20   21   23   23   24   25   25   24   23   22   21
   20   18   18   16   16   16   16   16   17   23   21   19   21   21   23   24
   24   25   24   23   22   20   17   14   12   13   13   13   14   15   16   18
   19   21   24   27   30   32   33   34   33   32   31   29   27   26   24   23
   21   20   18   17   16   16   15   15   15
    70.0-180.0 180.0   5.0 450.0                            LAT/LON1/LON2/DLON/H
   18   18   18   19   19   20   20   21   21   22   23   23   23   23   23   23
   21   19   19   18   18   18   19   19   20   21   22   19   19   20   20   21
   21   21   21   20   19   17   14   12   11   12   13   13   14   16   19   21
   24   28   33   36   39   41   43   43   43   41   39   36   35   33   32   30
   28   26   24   22   21   20   19   18   18
    67.5-180.0 180.0   5.0 450.0                            LAT/LON1/LON2/DLON/H
   21   21   20   20   20   20   19   19   19   19   20   21   21   22   22   22
   22   21   21   21   21   21   22   22   23   21   21   19   18   17   17   17
   18   17   18   18   17   15   13   12   11   12   13   14   16   19   22   27
   32   36   41   45   48   50   51   52   51   49   47   44   42   40   38   36
   34   31   29   28   26   25   23   22   21
    65.0-180.0 180.0   5.0 450.0                            LAT/LON1/LON2/DLON/H
   25   24   23   22   21   21   20   19   17   17   18   18   19   20   21   22
   22   22   22   23   23   24   24   25   24   22   20   17   15   14   13   14
   15   15   15   15   15   14   13   12   12   13   15   17   19   23   29   36
   42   46   50   54   56   57   58   58   58   56   54   52   49   47   44   41
   38   36   33   32   30   29   27   26   25
    62.5-180.0 180.0   5.0 450.0                            LAT/LON1/LON2/DLON/H
   28   27   26   25   24   22   20   19   17   16   16   16   18   19   20   20
   21   21   22   22   23   24   24   24   23   21   18   16   14   13   12   12
   13   14   14   14   14   14   14   13   14   15   17   21   27   33   40   46
   52   56   59   61   62   63   63   64   63   62   61   58   56   53   49   46
   42   39   37   35   34   32   31   29   28
    60.0-180.0 180.0   5.0 450.0                            LAT/LON1/LON2/DLON/H
   32   31   30   29   27   26   23   20   18   16   16   16   17   18   19   20
   20   20   20   20   21   22   22   22   21   19   18   16   14   13   12   12
   13   14   14   14   15   15   16   17   19   21   25   31   37   44   51   58
   63   66   68   69   68   68   68   68   68   68   67   66   63   59   55   51
   47   43   40   38   37   35   33   32   32
    57.5-180.0 180.0   5.0 450.0                            LAT/LON1/LON2/DLON/H
   35   35   34   34   32   30   27   24   20   18   17   16   17   18   19   20
   19   19   18   18   18   18   19   20   19   19   18   17   15   14   13   13
   14   15   15   14   16   18   20   23   26   30   36   42   50   56   63   69
   73   76   76   77   74   73   73   72   73   74   74   73   70   65   60   54
   50   46   43   42   39   37   36   35   35
    55.0-180.0 180.0   5.0 450.0                            LAT/LON1/LON2/DLON/H
   37   38   38   39   37   36   33   29   25   21   19   18   18   19   19   19
   18   18   17   16   16   16   17   19   19   20   21   20   18   17   16   15
   16   16   17   18   19   22   26   29   34   39   46   53   60   67   74   79
   83   85   85   84   81   79   77   77   78   80   80   80   77   72   65   59
   53   50   47   44   42   40   39   38   37
    52.5-180.0 180.0   5.0 450.0                            LAT/LON1/LON2/DLON/H
   40   40   42   43   43   42   39   36   31   26   23   21   21   20   20   19
   18   17   16   14   14   15   17   19   21   23   24   24   23   22   20   20
   19   20   20   22   24   27   31   36   42   48   55   62   69   76   81   87
   90   92   93   91   89   85   84   83   84   85   86   85   83   77   71   65
   59   55   51   47   45   43   41   40   40
    50.0-180.0 180.0   5.0 450.0                            LAT/LON1/LON2/DLON/H
   42   43   44   46   48   47   46   42   37   33   29   26   24   23   21   20
   19   18   16   15   15   16   19   22   25   28   30   30   29   28   26   25
   24   25   25   26   28   32   37   41   48   56   62   69   75   81   87   91
   95   98   98   97   95   91   90   89   89   90   90   89   87   82   76   71
   65   61   57   53   49   46   44   42   42
    47.5-180.0 180.0   5.0 450.0                            LAT/LON1/LON2/DLON/H
   44   45   46   48   51   52   52   49   45   40   35   32   29   26   24   22
   21   19   18   18   19   22   26   30   33   36   37   37   36   35   32   31
   30   29   29   30   33   37   42   47   55   62   69   74   80   85   90   94
   98  101  102  102  100   97   95   93   92   93   92   92   88   84   79   74
   70   66   62   58   54   50   46   44   44
    45.0-180.0 180.0   5.0 450.0                            LAT/LON1/LON2/DLON/H
   45   45   46   49   52   55   56   55   52   48   43   39   35   31   28   26
   25   24   24   25   27   31   37   41   45   46   46   44   42   39   37   35
   34   34   34   36   38   41   46   52   60   67   74   79   85   89   93   97
  101  104  106  106  104  102   99   96   95   94   93   91   89   85   81   76
   73   70   67   62   58   53   49   46   45
    42.5-180.0 180.0   5.0 450.0                            LAT/LON1/LON2/DLON/H
   44   44   45   48   52   56   59   60   58   55   51   46   42   38   35   32
   31   31   32   35   38   44   51   55   58   57   54   51   48   44   40   38
   37   37   38   40   42   45   50   56   65   73   80   85   89   93   97  100
  104  108  109  110  108  105  101   98   94   93   91   90   87   85   81   78
   75   73   69   65   61   55   51   47   44
    40.0-180.0 180.0   5.0 450.0                            LAT/LON1/LON2/DLON/H
   45   43   43   46   50   56   60   62   62   61   58   54   50   46   43   40
   38   39   41   46   51   58   65   69   70   66   61   56   52   47   43   41
   40   40   41   42   45   48   53   60   69   78   85   91   95   98  101  104
  107  110  112  112  110  106  102   97   93   91   90   88   86   84   81   79
   76   74   71   67   62   57   53   48   45
    37.5-180.0 180.0   5.0 450.0                            LAT/LON1/LON2/DLON/H
   45   43   42   44   48   54   59   63   64   64   63   61   59   55   52   48
   47   48   51   56   63   70   77   81   79   73   67   60   54   49   46   44
   44   43   43   45   47   50   55   62   72   82   90   96  100  103  106  107
  110  113  113  113  111  108  104   99   94   92   91   90   88   87   84   82
   79   76   73   68   64   59   55   49   45
    35.0-180.0 180.0   5.0 450.0                            LAT/LON1/LON2/DLON/H
   47   43   41   42   45   52   57   61   64   66   67   68   67   64   60   57
   54   56   59   65   72   80   87   89   85   77   70   60   54   50   49   47
   46   46   46   47   48   51   56   64   75   86   95  102  106  108  110  112
  113  115  116  115  114  112  109  105  101   99   99   99   98   96   93   90
   86   81   77   72   68   62   56   51   47
    32.5-180.0 180.0   5.0 450.0                            LAT/LON1/LON2/DLON/H
   49   45   43   42   45   49   55   59   63   66   69   72   74   72   68   65
   62   62   65   70   78   87   92   92   86   78   68   57   53   52   51   50
   49   48   48   48   49   51   56   65   78   90  101  107  110  113  116  118
  118  119  120  122  122  121  119  117  115  114  115  116  117  115  111  106
   99   92   85   79   73   67   61   55   49
    30.0-180.0 180.0   5.0 450.0                            LAT/LON1/LON2/DLON/H
   55   49   46   45   46   49   53   57   60   64   68   73   77   76   73   70
   67   66   68   73   80   89   92   90   84   75   63   53   53   55   54   53
   52   50   49   48   48   51   56   66   80   92  103  109  114  118  122  125
  125  127  128  132  134  136  137  136  138  139  141  144  145  143  137  131
  120  109   99   91   83   75   69   61   55
    27.5-180.0 180.0   5.0 450.0                            LAT/LON1/LON2/DLON/H
   61   55   51   48   48   50   52   55   57   61   66   72   76   77   74   71
   69   68   69   73   80   86   87   84   78   69   58   52   55   58   58   56
   54   51   49   48   48   49   55   66   80   94  104  111  118  124  130  134
  137  138  141  146  151  156  159  163  166  170  174  178  179  177  170  161
  146  131  118  107   97   88   78   69   61
    25.0-180.0 180.0   5.0 450.0                            LAT/LON1/LON2/DLON/H
   68   62   57   54   52   52   52   53   55   57   62   67   73   73   71   68
   66   66   67   71   77   81   82   78   71   63   54   52   57   61   62   60
   56   52   49   47   46   47   54   67   82   94  104  113  123  131  139  144
  149  153  157  163  170  178  185  192  197  204  210  214  214  210  202  192
  175  157  141  127  115  103   90   79   68
    22.5-180.0 180.0   5.0 450.0                            LAT/LON1/LON2/DLON/H
   75   68   63   59   56   55   55   54   54   55   57   62   66   68   66   64
   63   63   65   69   74   77   77   73   66   58   52   53   58   61   62   60
   56   52   48   46   44   44   55   68   81   94  105  116  126  137  147  154
  163  169  173  181  190  200  209  218  225  233  239  243  241  235  228  216
  202  183  165  149  134  120  104   88   75
    20.0-180.0 180.0   5.0 450.0                            LAT/LON1/LON2/DLON/H
   83   73   67   63   60   59   58   56   54   53   55   57   60   61   61   59
   58   60   62   67   71   73   74   71   64   57   52   53   56   60   61   59
   54   49   46   44   42   44   56   68   81   95  107  118  129  142  153  163
  174  184  190  198  208  218  225  232  240  248  253  255  253  249  243  232
  219  203  184  169  153  138  119  100   83
    17.5-180.0 180.0   5.0 450.0                            LAT/LON1/LON2/DLON/H
   91   78   70   66   63   61   59   58   55   54   53   54   55   55   56   55
   54   57   61   65   69   73   72   70   64   58   54   53   54   56   56   55
   52   46   43   41   41   46   58   71   82   96  109  121  134  148  162  173
  184  195  203  212  220  227  232  237  244  251  253  254  253  250  245  238
  227  213  199  185  171  153  132  110   91
    15.0-180.0 180.0   5.0 450.0                            LAT/LON1/LON2/DLON/H
   98   83   74   69   64   62   60   59   57   54   53   52   52   51   51   51
   51   54   59   64   69   72   72   70   66   60   56   52   51   51   50   50
   47   43   39   37   39   47   60   74   87   99  111  125  140  156  172  186
  197  206  213  219  224  229  232  236  242  246  247  246  244  241  239  234
  228  218  207  197  184  165  143  120   98
    12.5-180.0 180.0   5.0 450.0                            LAT/LON1/LON2/DLON/H
  105   90   79   71   65   61   59   59   58   56   53   52   51   49   47   47
   48   52   57   63   69   72   72   70   67   60   55   50   46   44   43   43
   42   39   36   35   39   49   64   77   91  103  115  129  146  163  181  197
  208  216  220  222  224  227  228  231  235  237  238  236  233  230  230  227
  224  219  212  204  191  172  150  127  105
    10.0-180.0 180.0   5.0 450.0                            LAT/LON1/LON2/DLON/H
  112   95   83   74   65   60   58   58   59   57   55   53   51   49   46   45
   47   49   54   61   68   72   71   69   65   59   53   47   41   38   36   36
   37   36   34   35   41   52   65   80   94  106  118  133  150  168  187  202
  214  220  222  222  221  223  223  226  228  230  229  227  225  224  224  223
  221  218  213  207  195  177  156  134  112
     7.5-180.0 180.0   5.0 450.0                            LAT/LON1/LON2/DLON/H
  120  102   87   76   66   58   55   56   58   59   57   56   54   51   48   47
   47   49   54   60   66   69   69   66   63   56   50   43   37   33   31   32
   35   36   34   36   42   53   66   82   96  108  121  136  152  169  186  202
  213  218  219  218  218  219  221  224  227  228  228  226  225  225  225  224
  222  219  215  209  197  180  161  140  120
     5.0-180.0 180.0   5.0 450.0                            LAT/LON1/LON2/DLON/H
  128  110   93   79   67   58   54   54   56   57   58   57   55   53   51   49
   49   50   53   58   64   67   67   63   60   54   48   41   35   30   30   32
   36   38   36   37   43   54   69   82   96  109  121  135  151  167  183  197
  207  214  215  215  217  220  224  228  232  234  234  234  236  236  235  232
  229  226  221  214  201  185  166  147  128
     2.5-180.0 180.0   5.0 450.0                            LAT/LON1/LON2/DLON/H
  136  117   99   83   70   60   54   53   54   55   56   55   55   54   54   53
   51   50   53   56   61   64   64   61   59   54   49   40   34   31   31   35
   40   43   37   37   44   57   71   84   96  108  120  133  148  163  178  191
  201  209  213  216  222  228  234  239  244  247  249  253  256  257  255  249
  243  239  232  222  208  191  172  154  136
