IONEX_files/igsg0010.10i
     1.0            IONOSPHERE MAPS     MIX                 IONEX VERSION / TYPE
cmpcmb v1.2          GRL/UWM            15-jan-10 13:38     PGM / RUN BY / DATE 
ionex file containing IGS COMBINED Ionosphere maps          COMMENT             
global ionosphere maps for day 001, 2010                    DESCRIPTION         
IONEX file containing the COMBINED IGS TEC MAPS and DCBs    DESCRIPTION         
      IONEX files of the following IAACs were combined: cod DESCRIPTION         
                                                        esa DESCRIPTION         
                                                        jpl DESCRIPTION         
                                                        upc DESCRIPTION         
Contact address: Andrzej Krankowski                         DESCRIPTION
                 Geodynamics Research Laboratory            DESCRIPTION
                 University of Warmia and Mazury (GRL/UWM)  DESCRIPTION
                 Oczapowski St. 1                           DESCRIPTION
                 10-957-Olsztyn, POLAND                     DESCRIPTION
                 e-mail:  kand@uwm.edu.pl                   DESCRIPTION
                                                            DESCRIPTION
  2010     1     1     0     0     0                        EPOCH OF FIRST MAP  
  2010     1     2     0     0     0                        EPOCH OF LAST MAP   
  7200                                                      INTERVAL            
    13                                                      # OF MAPS IN FILE   
  COSZ                                                      MAPPING FUNCTION    
     0.0                                                    ELEVATION CUTOFF    
combined TEC calculated as weighted mean of input TEC valuesOBSERVABLES USED    
   384                                                      # OF STATIONS       
    32                                                      # OF SATELLITES     
  6371.0                                                    BASE RADIUS         
     2                                                      MAP DIMENSION       
   450.0 450.0   0.0                                        HGT1 / HGT2 / DHGT  
    87.5 -87.5  -2.5                                        LAT1 / LAT2 / DLAT  
  -180.0 180.0   5.0                                        LON1 / LON2 / DLON  
    -1                                                      EXPONENT            
TEC values in 0.1 tec units;  9999, if no value available   COMMENT             
DCB values in nanoseconds, reference is Sum_of_SatDCBs = 0  COMMENT             
                                                            END OF HEADER       
[from data line 2145]
     6                                                      START OF TEC MAP    
  2010     1     1    10     0     0                        EPOCH OF CURRENT MAP
    87.5-180.0 180.0   5.0 450.0                            LAT/LON1/LON2/DLON/H
   12   12   12   12   12   12   13   13   12   13   13   13   13   13   13   13
   14   14   14   14   15   15   15   15   16   16   16   17   17   17   17   17
   17   18   17   17   17   17   17   17   17   17   17   17   17   17   17   16
   16   16   16   15   15   15   15   14   14   14   14   14   14   13   13   13
   12   12   12   12   12   12   12   12   12
    85.0-180.0 180.0   5.0 450.0                            LAT/LON1/LON2/DLON/H
   10   10   10   11   11   11   11   11   12   12   12   12   13   13   13   13
   13   13   13   14   14   15   15   15   16   16   17   17   17   17   17   17
   17   18   18   18   18   18   18   18   18   18   18   18   17   17   17   16
   16   16   16   15   15   14   13   13   12   12   12   11   11   10   11   10
   10   10   10   10   10   10   10   10   10
    82.5-180.0 180.0   5.0 450.0                            LAT/LON1/LON2/DLON/H
   10   10   10   10   11   11   11   12   12   12   12   13   13   13   13   13
   13   14   14   14   14   14   15   15   16   16   16   16   16   17   17   17
   18   18   18   18   18   18   18   18   18   17   17   17   17   17   17   16
   16   15   15   14   14   13   13   12   12   11   10   10    9    9    9    9
    9    9   10   10   10   10   10   10   10
    80.0-180.0 180.0   5.0 450.0                            LAT/LON1/LON2/DLON/H
   10   11   11   11   10   11   12   12   12   13   13   13   13   13   13   13
   14   13   13   13   13   14   14   14   14   15   15   16   16   17   17   17
   18   17   18   17   17   17   17   16   17   17   16   16   16   16   16   16
   16   16   15   15   14   14   13   12   11   10    9    9    9    9    9    9
    9    9    9    9   10   10   10   10   10
    77.5-180.0 180.0   5.0 450.0                            LAT/LON1/LON2/DLON/H
   11   11   11   11   11   12   13   13   13   14   13   14   14   14   14   14
   13   13   14   14   14   14   15   15   14   15   15   15   15   15   15   16
   16   17   16   16   16   16   16   16   16   16   15   15   15   16   16   16
   16   16   16   16   15   15   14   13   12   11    9    9    9    9    9    9
    9    9    9   10   10   10   10   11   11
    75.0-180.0 180.0   5.0 450.0                            LAT/LON1/LON2/DLON/H
   12   12   12   12   13   13   14   14   14   14   14   14   14   14   14   14
   14   15   15   15   15   16   15   14   14   13   13   14   14   14   14   14
   15   15   16   16   16   16   16   15   14   15   14   15   14   16   17   18
   18   19   18   18   18   17   16   14   13   12   10    9    9    9    9    9
    9    9   10   10   10   11   11   11   12
    72.5-180.0 180.0   5.0 450.0                            LAT/LON1/LON2/DLON/H
   12   12   13   13   13   14   14   14   14   14   14   14   14   14   14   14
   15   15   16   16   17   17   16   15   14   13   12   12   12   12   12   13
   14   15   16   16   16   16   16   16   16   16   16   16   17   18   19   20
   21   22   23   22   21   20   19   17   15   13   12   11   10    9    9   10
   10   10   11   11   12   12   12   12   12
    70.0-180.0 180.0   5.0 450.0                            LAT/LON1/LON2/DLON/H
   14   14   14   14   14   15   15   15   15   14   14   14   14   14   14   14
   15   16   17   17   18   18   17   15   14   13   11   11   11   11   11   12
   14   15   16   17   17   18   18   19   19   19   20   21   21   22   24   25
   26   27   28   27   26   25   23   20   18   16   14   12   12   11   12   12
   13   14   14   15   15   15   15   15   14
    67.5-180.0 180.0   5.0 450.0                            LAT/LON1/LON2/DLON/H
   17   16   16   16   16   16   16   16   15   14   14   14   13   14   14   15
   16   16   17   18   19   19   17   16   15   13   11   11   10   11   12   13
   15   17   18   19   19   20   21   22   22   24   25   26   27   28   30   31
   33   34   34   33   32   30   27   24   22   19   17   16   14   14   15   15
   16   18   19   20   19   18   18   17   17
    65.0-180.0 180.0   5.0 450.0                            LAT/LON1/LON2/DLON/H
   20   19   19   19   20   19   19   17   16   15   15   14   14   14   14   15
   16   17   17   18   19   19   17   16   14   13   12   11   11   12   14   16
   19   20   22   22   23   24   25   25   27   29   30   33   35   36   38   38
   39   40   40   39   38   36   33   29   26   23   21   20   19   18   17   18
   21   22   23   23   23   23   21   20   20
    62.5-180.0 180.0   5.0 450.0                            LAT/LON1/LON2/DLON/H
   24   24   25   24   25   24   23   20   18   17   15   14   14   14   15   15
   16   16   16   18   18   18   16   15   14   13   12   12   13   14   16   19
   22   25   27   28   28   29   30   32   34   37   40   43   45   46   47   47
   48   47   47   45   43   41   38   35   32   29   27   25   24   23   22   23
   25   27   27   27   27   26   25   24   24
    60.0-180.0 180.0   5.0 450.0                            LAT/LON1/LON2/DLON/H
   29   30   31   31   31   29   27   24   20   18   17   15   15   15   15   15
   15   16   16   16   17   17   16   16   14   13   12   13   15   17   20   23
   27   31   33   34   34   35   37   39   43   46   50   54   56   57   56   56
   57   55   54   52   49   46   44   41   38   35   33   31   30   28   27   29
   30   32   32   31   31   30   29   29   29
    57.5-180.0 180.0   5.0 450.0                            LAT/LON1/LON2/DLON/H
   35   37   38   39   38   36   33   29   24   21   19   17   16   16   16   15
   16   15   15   16   16   17   17   16   14   14   14   16   18   21   24   28
   32   36   39   41   42   42   45   48   52   57   61   64   67   68   67   67
   66   64   62   60   56   54   50   47   44   40   38   36   35   34   32   33
   35   36   36   35   34   33   33   33   35
    55.0-180.0 180.0   5.0 450.0                            LAT/LON1/LON2/DLON/H
   40   43   45   46   45   42   39   33   28   24   21   20   19   18   17   16
   16   15   16   16   17   17   17   17   17   17   17   18   21   25   29   34
   39   42   46   48   49   51   54   58   62   67   71   74   77   78   77   76
   74   71   68   66   63   60   56   53   48   44   41   40   38   37   36   36
   38   39   39   39   37   37   37   38   40
    52.5-180.0 180.0   5.0 450.0                            LAT/LON1/LON2/DLON/H
   45   49   52   53   52   48   44   39   33   28   25   23   22   20   19   18
   17   16   16   17   18   19   20   21   20   21   21   22   25   29   34   39
   44   48   52   55   57   60   64   68   72   77   80   82   84   85   84   83
   79   76   73   71   68   65   61   57   52   47   44   41   40   40   39   39
   40   42   42   42   41   40   40   42   45
    50.0-180.0 180.0   5.0 450.0                            LAT/LON1/LON2/DLON/H
   49   53   56   57   57   53   50   43   38   33   30   28   26   23   21   20
   17   17   18   19   21   23   24   26   26   27   28   28   30   34   38   44
   48   52   57   61   64   69   74   77   81   84   87   90   91   91   90   88
   84   81   79   77   74   70   65   60   54   49   46   43   42   41   41   41
   42   44   44   44   43   43   43   45   49
    47.5-180.0 180.0   5.0 450.0                            LAT/LON1/LON2/DLON/H
   51   55   58   60   59   56   53   48   43   40   37   33   30   27   24   22
   20   19   20   22   25   28   31   33   34   35   36   37   37   39   43   47
   51   56   60   65   71   76   81   85   89   91   93   95   96   96   95   92
   89   86   85   84   81   77   70   63   56   51   48   45   44   43   43   43
   44   46   46   46   45   45   45   47   51
    45.0-180.0 180.0   5.0 450.0                            LAT/LON1/LON2/DLON/H
   50   54   57   59   58   56   55   52   49   47   44   40   36   32   28   25
   23   23   24   27   30   35   39   42   44   45   45   48   48   45   47   50
   54   58   64   69   75   82   88   92   94   96   98   99  100  100   99   97
   93   92   91   91   88   83   76   67   59   53   50   48   47   46   46   46
   47   48   49   49   48   46   45   47   50
    42.5-180.0 180.0   5.0 450.0                            LAT/LON1/LON2/DLON/H
   47   51   54   55   55   55   55   55   55   54   52   48   42   37   34   30
   28   28   29   32   36   41   46   51   53   55   55   57   57   53   53   55
   57   62   66   72   79   86   92   97  100  102  103  104  105  105  103  101
   98   96   96   96   93   89   81   72   64   57   53   50   50   50   49   49
   50   51   53   52   50   47   44   45   47
    40.0-180.0 180.0   5.0 450.0                            LAT/LON1/LON2/DLON/H
   44   46   48   50   51   52   54   57   59   60   59   54   49   43   39   36
   34   33   35   37   42   47   52   58   62   65   64   62   62   59   59   59
   61   65   69   75   83   91   98  102  105  107  109  110  111  110  108  105
  102  101  101  100   97   93   86   77   69   61   56   54   53   54   53   52
   52   54   56   55   52   48   44   43   44
    37.5-180.0 180.0   5.0 450.0                            LAT/LON1/LON2/DLON/H
   41   42   43   44   46   48   52   56   61   65   65   61   56   51   46   43
   41   40   40   43   46   51   56   63   68   70   68   66   65   63   64   65
   65   68   73   80   88   96  102  106  108  110  112  116  117  116  113  109
  106  106  105  103  100   96   90   83   74   67   60   57   56   57   57   56
   56   57   58   56   52   48   44   42   41
    35.0-180.0 180.0   5.0 450.0                            LAT/LON1/LON2/DLON/H
   39   38   38   39   41   43   48   55   61   66   68   67   63   57   53   50
   47   46   47   48   50   54   59   65   70   72   72   69   69   69   69   70
   71   75   79   86   93  100  105  108  111  114  118  122  125  124  120  116
  112  111  109  107  103   99   95   89   81   73   66   61   60   60   60   60
   59   59   58   57   52   48   44   41   39
    32.5-180.0 180.0   5.0 450.0                            LAT/LON1/LON2/DLON/H
   38   36   35   36   36   39   44   51   58   65   69   69   66   62   58   56
   53   53   52   52   53   56   60   65   70   74   74   73   73   74   76   78
   79   82   86   93   99  106  109  111  115  119  125  131  134  132  129  125
  122  119  115  111  106  102  100   96   90   82   74   67   63   63   63   63
   61   60   58   56   53   48   44   41   38
    30.0-180.0 180.0   5.0 450.0                            LAT/LON1/LON2/DLON/H
   39   36   35   34   35   37   40   46   54   60   65   68   67   64   61   59
   58   57   57   55   55   56   59   62   68   73   75   73   75   79   82   85
   88   91   95  101  107  111  113  115  120  126  133  141  144  143  140  138
  134  130  125  118  111  107  107  105  101   94   83   73   68   66   65   65
   62   60   58   55   52   49   45   42   39
    27.5-180.0 180.0   5.0 450.0                            LAT/LON1/LON2/DLON/H
   41   39   37   35   35   36   38   41   46   53   58   63   63   61   60   59
   59   59   59   56   56   55   57   60   65   69   71   72   76   82   88   93
   96   99  103  110  115  117  120  122  127  132  142  151  155  155  154  153
  150  146  138  129  121  115  116  117  115  108   95   82   73   69   68   66
   63   60   57   54   51   49   46   44   41
    25.0-180.0 180.0   5.0 450.0                            LAT/LON1/LON2/DLON/H
   44   43   41   39   38   37   37   38   40   44   49   54   56   56   56   57
   58   58   58   57   55   55   56   57   60   63   66   69   76   84   93  100
  105  108  112  117  123  125  127  130  135  142  152  160  165  169  170  169
  168  163  154  142  133  127  129  131  130  123  109   93   81   74   71   68
   64   60   56   54   51   49   48   47   44
    22.5-180.0 180.0   5.0 450.0                            LAT/LON1/LON2/DLON/H
   48   47   46   45   43   41   39   37   36   38   41   46   48   48   49   51
   54   55   56   56   55   55   56   56   56   59   62   67   74   86   97  106
  112  116  121  127  133  134  137  139  142  150  161  169  175  182  185  184
  184  180  169  157  146  143  143  145  144  137  122  104   90   80   74   70
   66   61   57   55   52   51   50   49   48
    20.0-180.0 180.0   5.0 450.0                            LAT/LON1/LON2/DLON/H
   51   50   50   50   49   47   43   38   35   35   37   39   40   41   42   45
   49   51   53   54   56   57   57   57   56   57   60   65   74   87  101  112
  120  125  131  139  145  146  147  147  150  158  168  177  184  193  197  199
  199  195  185  173  161  157  157  159  159  151  136  117  100   87   79   73
   68   63   59   56   55   54   54   53   51
    17.5-180.0 180.0   5.0 450.0                            LAT/LON1/LON2/DLON/H
   54   53   54   54   54   52   47   43   38   36   35   36   36   36   37   40
   43   46   49   52   56   59   59   59   57   58   61   66   74   87  102  117
  128  136  142  152  158  157  156  156  158  166  175  185  192  200  206  210
  211  207  198  187  176  170  170  172  173  165  150  132  113   98   85   78
   72   67   64   61   59   58   57   56   54
    15.0-180.0 180.0   5.0 450.0                            LAT/LON1/LON2/DLON/H
   55   54   56   57   58   56   52   47   42   39   38   36   35   34   33   35
   38   42   45   49   55   60   62   61   59   61   64   68   75   88  104  121
  134  144  154  163  166  165  164  163  166  173  182  190  198  205  211  215
  218  216  209  200  190  184  182  184  184  178  165  147  127  109   95   85
   79   75   71   68   66   64   62   58   55
    12.5-180.0 180.0   5.0 450.0                            LAT/LON1/LON2/DLON/H
   56   55   57   59   61   60   56   52   49   45   42   39   36   34   33   33
   36   38   42   47   53   59   62   62   62   63   68   71   78   90  107  124
  138  152  161  168  171  171  170  170  173  179  186  194  201  207  212  218
  221  220  215  208  201  195  193  194  192  187  176  160  139  120  104   93
   87   83   80   76   73   70   66   60   56
    10.0-180.0 180.0   5.0 450.0                            LAT/LON1/LON2/DLON/H
   56   54   56   60   62   62   59   56   53   52   48   44   40   37   35   34
   34   35   39   44   51   57   60   61   62   65   69   74   82   94  110  127
  142  155  164  170  173  174  173  174  178  183  190  196  201  206  211  217
  222  221  219  214  208  203  200  199  197  193  185  171  152  130  112  100
   94   91   88   85   79   75   69   62   56
     7.5-180.0 180.0   5.0 450.0                            LAT/LON1/LON2/DLON/H
   56   54   55   58   60   60   58   57   56   55   53   49   44   41   38   37
   35   35   37   42   48   53   56   58   61   65   72   79   88  100  115  130
  144  156  164  170  173  175  175  177  181  186  192  196  201  205  210  216
  220  222  221  219  214  209  205  202  201  198  191  180  161  139  119  107
  101   97   94   90   85   79   71   62   56
     5.0-180.0 180.0   5.0 450.0                            LAT/LON1/LON2/DLON/H
   56   53   54   56   56   55   53   54   55   55   54   51   47   44   41   40
   38   35   37   40   45   49   53   56   60   67   76   84   94  105  118  132
  145  156  164  169  172  174  176  179  184  189  194  197  201  205  210  215
  219  222  224  223  221  215  210  207  205  203  198  188  169  147  127  114
  107  103   99   94   89   83   74   64   56
     2.5-180.0 180.0   5.0 450.0                            LAT/LON1/LON2/DLON/H
   58   54   54   55   54   51   49   48   50   52   52   50   47   44   42   41
   40   37   37   39   43   46   50   54   60   69   80   90  100  109  120  132
  145  155  162  167  170  173  175  180  186  192  196  199  203  209  214  219
  223  226  229  230  228  224  218  214  211  209  204  193  175  154  134  120
  112  107  102   97   92   85   76   66   58
