IONEX_files/igsg0010.10i
     1.0            IONOSPHERE MAPS     MIX                 IONEX VERSION / TYPE
cmpcmb v1.2          GRL/UWM            15-jan-10 13:38     PGM / RUN BY / DATE 
ionex file containing IGS COMBINED Ionosphere maps          COMMENT             
global ionosphere maps for day 001, 2010                    DESCRIPTION         
IONEX file containing the COMBINED IGS TEC MAPS and DCBs    DESCRIPTION         
      IONEX files of the following IAACs were combined: cod DESCRIPTION         
                                                        esa DESCRIPTION         
                                                        jpl DESCRIPTION         
                                                        upc DESCRIPTION         
Contact address: Andrzej Krankowski                         DESCRIPTION
                 Geodynamics Research Laboratory            DESCRIPTION
                 University of Warmia and Mazury (GRL/UWM)  DESCRIPTION
                 Oczapowski St. 1                           DESCRIPTION
                 10-957-Olsztyn, POLAND                     DESCRIPTION
                 e-mail:  kand@uwm.edu.pl                   DESCRIPTION
                                                            DESCRIPTION
  2010     1     1     0     0     0                        EPOCH OF FIRST MAP  
  2010     1     2     0     0     0                        EPOCH OF LAST MAP   
  7200                                                      INTERVAL            
    13                                                      # OF MAPS IN FILE   
  COSZ                                                      MAPPING FUNCTION    
     0.0                                                    ELEVATION CUTOFF    
combined TEC calculated as weighted mean of input TEC valuesOBSERVABLES USED    
   384                                                      # OF STATIONS       
    32                                                      # OF SATELLITES     
  6371.0                                                    BASE RADIUS         
     2                                                      MAP DIMENSION       
   450.0 450.0   0.0                                        HGT1 / HGT2 / DHGT  
    87.5 -87.5  -2.5                                        LAT1 / LAT2 / DLAT  
  -180.0 180.0   5.0                                        LON1 / LON2 / DLON  
    -1                                                      EXPONENT            
TEC values in 0.1 tec units;  9999, if no value available   COMMENT             
DCB values in nanoseconds, reference is Sum_of_SatDCBs = 0  COMMENT             
                                                            END OF HEADER       
[from data line 2574]
     7                                                      START OF TEC MAP    
  2010     1     1    12     0     0                        EPOCH OF CURRENT MAP
    87.5-180.0 180.0   5.0 450.0                            LAT/LON1/LON2/DLON/H
   11   11   11   11   11   11   11   11   11   11   12   12   12   12   12   12
   12   12   12   12   12   12   12   12   12   12   12   12   12   12   12   12
   12   12   11   12   11   11   11   12   12   12   12   12   12   11   11   11
   11   11   11   11   11   11   11   11   11   11   11   11   11   11   11   11
   11   11   11   11   11   11   11   11   11
    85.0-180.0 180.0   5.0 450.0                            LAT/LON1/LON2/DLON/H
   11   10   11   11   11   11   11   12   12   12   13   13   13   13   13   13
   13   13   13   13   13   13   13   13   12   13   13   12   13   13   13   13
   13   13   13   13   13   13   13   13   12   12   12   12   12   11   11   11
   11   11   11   11   11   11   10   10   10   10   10   10   10   10   10   10
   10   10   10   10   10   10   10   10   11
    82.5-180.0 180.0   5.0 450.0                            LAT/LON1/LON2/DLON/H
   12   12   12   12   12   12   12   12   13   13   14   14   14   15   15   15
   15   15   15   15   15   14   14   14   14   14   14   14   15   14   14   14
   14   14   14   14   13   13   13   13   12   12   12   11   11   11   10   10
   10   10   10   10   10   10    9    9   10   10   10   10   10   10   10   10
   10   10   10   10   10   11   11   11   12
    80.0-180.0 180.0   5.0 450.0                            LAT/LON1/LON2/DLON/H
   13   12   13   12   13   13   13   14   14   15   15   16   16   16   16   16
   17   16   16   16   15   15   15   16   15   15   14   14   14   14   14   14
   13   14   14   13   13   14   13   13   13   12   12   11   11   10   10    9
   10   10   10   10   11   10   10   10   10   10   10   11   11   11   11   11
   11   12   12   12   12   12   12   12   13
    77.5-180.0 180.0   5.0 450.0                            LAT/LON1/LON2/DLON/H
   14   14   14   13   14   14   14   15   15   15   16   17   17   18   18   19
   20   20   20   19   19   18   17   16   15   14   14   14   13   14   14   14
   15   15   16   16   16   16   16   15   15   14   13   12   11   11   11   11
   10   10   11   11   12   11   11   11   11   11   11   11   11   11   11   12
   12   12   13   13   12   12   13   13   14
    75.0-180.0 180.0   5.0 450.0                            LAT/LON1/LON2/DLON/H
   15   15   15   15   15   15   16   16   16   16   17   18   19   20   20   21
   22   22   22   21   20   19   18   16   16   16   15   13   14   14   15   16
   17   19   20   20   20   20   20   19   18   17   16   15   14   13   12   12
   11   11   11   11   12   12   12   11   11   11   12   12   12   11   12   12
   12   12   12   12   12   12   13   14   15
    72.5-180.0 180.0   5.0 450.0                            LAT/LON1/LON2/DLON/H
   16   16   17   17   17   17   17   17   17   17   17   18   18   20   21   22
   23   23   23   23   22   20   17   15   14   16   15   15   14   14   16   19
   21   23   25   27   26   26   25   25   24   22   21   19   18   16   15   14
   13   12   12   12   12   12   13   13   13   13   13   13   13   12   12   12
   12   12   12   11   11   12   13   15   16
    70.0-180.0 180.0   5.0 450.0                            LAT/LON1/LON2/DLON/H
   18   18   19   19   19   19   18   17   17   17   17   17   18   19   20   22
   23   23   24   23   22   20   17   15   13   14   15   14   14   15   19   23
   25   29   31   33   33   32   32   31   30   29   27   25   24   22   20   18
   16   15   14   14   14   14   15   15   15   15   16   15   15   14   13   13
   13   12   12   12   13   15   15   17   18
    67.5-180.0 180.0   5.0 450.0                            LAT/LON1/LON2/DLON/H
   22   22   22   22   21   20   19   18   17   17   16   16   17   18   19   21
   22   23   23   23   21   20   17   14   13   13   14   15   16   19   22   26
   30   33   36   38   38   39   38   38   36   36   35   33   31   29   27   24
   22   20   19   18   17   17   17   17   18   19   19   19   18   17   16   15
   15   15   15   16   17   18   19   20   22
    65.0-180.0 180.0   5.0 450.0                            LAT/LON1/LON2/DLON/H
   27   26   26   25   23   22   20   19   17   16   15   15   16   16   17   19
   20   21   21   21   20   19   17   15   14   13   14   16   19   22   27   31
   35   38   40   42   42   43   43   43   43   43   42   41   40   37   34   31
   28   25   23   22   21   20   19   19   22   23   23   23   23   22   21   20
   20   19   20   21   22   24   24   25   27
    62.5-180.0 180.0   5.0 450.0                            LAT/LON1/LON2/DLON/H
   32   30   30   28   26   24   22   19   17   16   14   14   14   14   15   16
   17   18   19   19   18   18   16   15   14   15   17   20   23   27   32   36
   40   42   43   44   45   45   46   47   48   48   48   49   47   45   42   38
   34   31   29   28   26   26   23   23   26   28   29   29   29   28   27   26
   25   25   26   27   28   29   29   31   32
    60.0-180.0 180.0   5.0 450.0                            LAT/LON1/LON2/DLON/H
   35   35   33   32   29   27   24   21   18   16   15   14   14   13   13   14
   14   15   15   16   16   16   15   15   16   18   20   24   29   33   37   41
   44   45   45   45   45   46   47   49   51   53   54   55   54   52   49   45
   41   38   35   34   32   32   29   30   33   35   35   36   35   34   33   32
   31   31   31   32   32   33   34   35   35
    57.5-180.0 180.0   5.0 450.0                            LAT/LON1/LON2/DLON/H
   39   39   37   35   33   30   26   24   20   19   16   15   14   14   13   13
   13   13   13   13   13   15   15   16   18   20   24   28   33   38   42   46
   48   49   47   46   46   47   49   52   56   58   60   62   61   59   55   52
   49   46   44   41   40   38   37   37   38   40   41   42   41   40   39   37
   37   36   36   37   37   38   38   38   39
    55.0-180.0 180.0   5.0 450.0                            LAT/LON1/LON2/DLON/H
   43   43   42   40   38   34   31   28   24   22   19   18   17   16   14   13
   12   12   11   12   13   14   16   18   21   24   28   33   39   44   48   50
   51   51   49   48   48   49   53   56   61   64   67   68   68   66   63   60
   57   54   51   48   46   43   42   41   42   42   44   45   44   43   42   41
   42   42   41   41   41   41   42   42   43
    52.5-180.0 180.0   5.0 450.0                            LAT/LON1/LON2/DLON/H
   46   46   45   45   43   40   36   32   29   26   24   22   20   18   17   15
   13   12   12   12   13   15   18   22   25   29   34   39   44   49   52   54
   54   54   53   51   52   54   59   63   67   71   74   75   75   73   70   68
   65   62   57   54   50   46   44   43   43   44   45   45   45   44   44   45
   45   45   45   44   44   44   45   45   46
    50.0-180.0 180.0   5.0 450.0                            LAT/LON1/LON2/DLON/H
   47   49   49   49   48   46   42   38   34   31   29   27   25   23   20   18
   16   14   14   14   16   19   24   27   31   36   40   44   49   54   57   59
   59   58   57   56   58   61   66   71   75   78   80   81   80   79   77   75
   71   68   64   59   54   50   46   45   44   44   44   44   45   44   45   46
   46   46   45   46   46   46   46   46   47
    47.5-180.0 180.0   5.0 450.0                            LAT/LON1/LON2/DLON/H
   48   50   52   53   53   51   47   42   39   37   36   34   31   28   25   21
   19   17   17   18   20   25   31   35   39   43   46   50   54   58   61   63
   63   63   63   63   65   69   74   79   82   85   85   85   85   85   84   81
   77   73   69   64   59   54   50   47   45   45   44   45   45   46   46   46
   46   46   45   45   45   46   46   47   48
    45.0-180.0 180.0   5.0 450.0                            LAT/LON1/LON2/DLON/H
   47   49   53   55   56   55   51   47   45   44   42   40   37   34   30   26
   23   22   22   23   27   33   40   46   50   53   54   56   59   62   65   67
   68   69   70   71   74   78   82   86   89   91   91   91   93   93   92   88
   83   79   74   69   63   57   53   49   46   45   46   47   48   48   48   47
   47   46   45   45   44   45   45   46   47
    42.5-180.0 180.0   5.0 450.0                            LAT/LON1/LON2/DLON/H
   45   48   52   55   58   57   54   52   50   49   48   47   44   40   36   31
   28   27   27   30   36   43   52   60   63   64   62   63   64   67   68   70
   71   74   76   80   83   88   92   95   97   97   97   98  101  102  100   96
   90   85   79   73   67   61   55   50   47   46   47   49   51   51   50   49
   48   47   45   44   43   43   43   44   45
    40.0-180.0 180.0   5.0 450.0                            LAT/LON1/LON2/DLON/H
   42   45   49   53   57   57   55   54   54   54   54   52   50   46   41   37
   34   32   33   38   44   53   63   72   75   76   72   70   70   70   71   72
   74   78   83   87   92   97  101  104  104  104  103  105  107  109  107  103
   97   90   83   77   70   63   56   51   49   49   50   53   54   53   52   51
   49   47   45   43   42   41   40   41   42
    37.5-180.0 180.0   5.0 450.0                            LAT/LON1/LON2/DLON/H
   39   41   45   49   53   54   54   55   55   57   58   57   55   52   47   42
   39   38   39   44   51   61   71   81   85   84   80   77   75   74   75   76
   78   82   88   95  101  106  110  111  111  110  110  111  114  115  114  109
  101   94   87   80   73   65   57   53   52   53   55   57   57   56   55   53
   51   48   45   42   41   39   38   38   39
    35.0-180.0 180.0   5.0 450.0                            LAT/LON1/LON2/DLON/H
   36   38   41   44   48   50   52   53   55   57   59   60   60   57   53   48
   44   43   44   49   56   66   77   87   92   91   87   81   80   79   79   81
   82   88   95  103  110  116  118  119  118  117  117  118  121  121  120  113
  105   97   90   84   77   69   61   57   55   56   58   60   60   59   57   54
   51   48   44   41   39   37   36   36   36
    32.5-180.0 180.0   5.0 450.0                            LAT/LON1/LON2/DLON/H
   34   35   37   39   42   45   46   49   52   56   59   62   62   61   57   53
   49   46   47   52   59   71   82   91   97   96   91   86   85   85   86   87
   88   95  103  112  119  125  127  128  128  127  126  127  129  129  126  119
  110  101   96   90   83   75   68   63   60   60   63   64   63   61   57   54
   51   47   43   40   37   36   35   34   34
    30.0-180.0 180.0   5.0 450.0                            LAT/LON1/LON2/DLON/H
   35   34   34   35   36   38   40   43   46   51   56   61   63   63   60   56
   51   48   49   53   61   71   82   92   98   99   94   91   90   92   93   94
   96  103  112  122  129  134  138  141  141  139  139  141  140  138  132  124
  116  108  103   99   93   86   78   71   67   66   67   67   65   61   57   53
   50   47   43   39   37   36   36   35   35
    27.5-180.0 180.0   5.0 450.0                            LAT/LON1/LON2/DLON/H
   37   35   33   33   33   33   35   38   41   46   52   58   61   62   61   56
   51   48   49   53   60   70   79   88   95   98   95   94   96  100  102  105
  109  115  124  134  140  145  150  155  156  157  156  156  153  147  140  132
  124  118  115  113  107   99   90   82   75   73   71   69   66   61   56   52
   49   46   43   40   38   37   37   37   37
    25.0-180.0 180.0   5.0 450.0                            LAT/LON1/LON2/DLON/H
   40   38   35   33   32   31   32   33   36   41   47   52   56   59   59   54
   49   46   47   51   58   68   76   83   91   96   95   96  101  108  116  120
  124  130  139  148  153  157  163  169  171  175  175  172  167  159  151  142
  135  131  130  130  125  116  106   95   85   79   75   72   67   61   56   52
   49   46   43   41   40   40   40   40   40
    22.5-180.0 180.0   5.0 450.0                            LAT/LON1/LON2/DLON/H
   44   43   40   36   34   33   32   33   34   37   41   46   51   53   54   50
   46   44   45   49   57   66   74   81   87   93   96   99  107  118  130  137
  143  149  156  163  167  172  176  182  187  191  194  190  183  172  163  155
  148  146  146  147  143  134  122  108   94   85   78   73   67   61   56   53
   50   47   45   43   42   42   43   44   44
    20.0-180.0 180.0   5.0 450.0                            LAT/LON1/LON2/DLON/H
   48   47   44   40   37   36   35   34   34   34   37   40   44   47   48   45
   42   40   43   49   59   67   74   81   87   93   97  103  114  128  144  153
  160  166  175  180  179  182  185  192  199  206  211  207  196  186  176  169
  162  160  161  161  160  151  138  119  100   88   80   73   67   62   58   55
   53   51   47   45   44   44   46   48   48
    17.5-180.0 180.0   5.0 450.0                            LAT/LON1/LON2/DLON/H
   51   50   47   44   42   40   39   38   35   34   34   35   38   41   41   39
   37   37   42   51   62   71   77   83   90   96  102  110  123  139  157  169
  178  184  189  190  189  188  191  199  209  218  221  217  207  197  188  181
  175  173  174  174  173  165  152  130  107   92   83   76   71   65   62   61
   59   57   52   48   46   46   49   51   51
    15.0-180.0 180.0   5.0 450.0                            LAT/LON1/LON2/DLON/H
   52   51   49   47   45   44   42   40   38   34   32   32   33   35   36   34
   34   36   43   54   66   76   81   86   94  101  108  118  133  151  170  182
  190  196  197  195  191  190  192  202  215  225  228  224  215  206  198  191
  185  182  183  185  184  177  163  140  114   96   87   80   75   71   68   67
   66   64   58   52   48   48   49   52   52
    12.5-180.0 180.0   5.0 450.0                            LAT/LON1/LON2/DLON/H
   51   51   49   48   47   46   45   42   39   36   32   30   31   32   32   31
   31   35   45   59   73   82   85   91   97  106  115  127  143  162  180  191
  197  200  199  195  191  189  193  204  217  228  232  229  221  213  206  198
  194  191  191  191  190  185  171  148  121  102   91   84   81   77   75   74
   73   70   64   57   52   49   49   50   51
    10.0-180.0 180.0   5.0 450.0                            LAT/LON1/LON2/DLON/H
   48   48   47   46   46   45   45   43   40   37   34   30   29   30   31   30
   30   35   46   63   78   87   91   95  101  111  122  136  152  170  185  194
  199  200  198  193  188  188  193  204  217  228  232  230  225  218  212  205
  200  197  195  193  192  189  176  154  129  109   97   90   86   83   80   79
   79   76   69   60   53   49   47   47   48
     7.5-180.0 180.0   5.0 450.0                            LAT/LON1/LON2/DLON/H
   45   44   44   43   43   43   42   41   40   37   34   31   29   30   30   30
   30   36   50   68   82   91   96  100  107  118  130  144  159  174  186  194
  197  197  195  191  188  187  193  205  217  226  231  231  227  223  217  211
  205  200  196  193  192  190  180  161  138  118  105   97   92   88   85   83
   83   79   72   62   54   48   45   44   45
     5.0-180.0 180.0   5.0 450.0                            LAT/LON1/LON2/DLON/H
   42   41   41   40   39   39   38   38   37   36   34   31   30   31   32   32
   32   39   53   72   86   96  101  106  114  125  138  150  164  176  186  192
  195  194  193  191  189  190  196  205  216  224  229  232  231  228  223  217
  211  205  199  196  193  192  185  170  149  131  116  105   97   92   88   85
   84   80   73   64   55   48   44   42   42
     2.5-180.0 180.0   5.0 450.0                            LAT/LON1/LON2/DLON/H
   43   41   40   38   37   35   34   34   34   34   33   31   30   31   33   34
   36   42   57   75   90  101  107  113  121  132  144  156  168  178  185  190
  193  193  193  192  191  194  200  209  217  224  230  235  237  236  232  226
  219  213  208  203  200  200  194  181  162  144  127  114  104   96   90   87
   84   81   75   66   57   50   45   43   43
