IONEX_files/igsg0010.10i
     1.0            IONOSPHERE MAPS     MIX                 IONEX VERSION / TYPE
cmpcmb v1.2          GRL/UWM            15-jan-10 13:38     PGM / RUN BY / DATE 
ionex file containing IGS COMBINED Ionosphere maps          COMMENT             
global ionosphere maps for day 001, 2010                    DESCRIPTION         
IONEX file containing the COMBINED IGS TEC MAPS and DCBs    DESCRIPTION         
      IONEX files of the following IAACs were combined: cod DESCRIPTION         
                                                        esa DESCRIPTION         
                                                        jpl DESCRIPTION         
                                                        upc DESCRIPTION         
Contact address: Andrzej Krankowski                         DESCRIPTION
                 Geodynamics Research Laboratory            DESCRIPTION
                 University of Warmia and Mazury (GRL/UWM)  DESCRIPTION
                 Oczapowski St. 1                           DESCRIPTION
                 10-957-Olsztyn, POLAND                     DESCRIPTION
                 e-mail:  kand@uwm.edu.pl                   DESCRIPTION
                                                            DESCRIPTION
  2010     1     1     0     0     0                        EPOCH OF FIRST MAP  
  2010     1     2     0     0     0                        EPOCH OF LAST MAP   
  7200                                                      INTERVAL            
    13                                                      # OF MAPS IN FILE   
  COSZ                                                      MAPPING FUNCTION    
     0.0                                                    ELEVATION CUTOFF    
combined TEC calculated as weighted mean of input TEC valuesOBSERVABLES USED    
   384                                                      # OF STATIONS       
    32                                                      # OF SATELLITES     
  6371.0                                                    BASE RADIUS         
     2                                                      MAP DIMENSION       
   450.0 450.0   0.0                                        HGT1 / HGT2 / DHGT  
    87.5 -87.5  -2.5                                        LAT1 / LAT2 / DLAT  
  -180.0 180.0   5.0                                        LON1 / LON2 / DLON  
    -1                                                      EXPONENT            
TEC values in 0.1 tec units;  9999, if no value available   COMMENT             
DCB values in nanoseconds, reference is Sum_of_SatDCBs = 0  COMMENT             
                                                            END OF HEADER       
[from data line 858]
     3                                                      START OF TEC MAP    
  2010     1     1     4     0     0                        EPOCH OF CURRENT MAP
    87.5-180.0 180.0   5.0 450.0                            LAT/LON1/LON2/DLON/H
   13   13   14   13   13   13   13   13   13   13   13   13   13   13   13   13
   13   13   14   14   14   14   14   15   15   15   15   15   15   16   16   16
   17   17   17   17   17   17   17   18   18   18   18   17   17   17   17   17
   17   17   17   17   16   16   16   16   16   16   15   15   15   15   15   15
   14   14   14   14   13   13   13   13   13
    85.0-180.0 180.0   5.0 450.0                            LAT/LON1/LON2/DLON/H
   12   12   12   12   12   12   12   12   12   12   12   12   12   12   12   12
   12   11   11   12   12   12   12   13   13   13   14   14   15   16   16   17
   17   18   18   18   19   19   19   20   20   19   19   19   18   18   18   18
   17   17   17   16   16   16   16   16   15   15   15   14   14   14   13   13
   13   13   13   13   12   12   12   12   12
    82.5-180.0 180.0   5.0 450.0                            LAT/LON1/LON2/DLON/H
   12   11   11   11   11   11   11   11   11   11   11   11   10   10   10   10
   10   10   10   10   10   10   10   10   10   11   12   13   13   14   15   16
   17   18   18   19   19   20   20   20   20   20   20   20   20   19   18   17
   17   16   16   16   16   16   16   16   15   15   14   14   14   13   13   13
   13   12   13   12   12   12   12   11   12
    80.0-180.0 180.0   5.0 450.0                            LAT/LON1/LON2/DLON/H
   12   12   12   11   11   11   11   11   11   11   11   11   11   11   11   10
   10    9    9    8    8    8    8    9    8    9   10   10   11   13   14   15
   16   17   18   18   19   19   19   19   19   19   19   18   18   17   17   17
   16   16   16   15   16   16   16   16   16   16   16   15   15   15   15   15
   14   14   14   14   13   13   13   13   12
    77.5-180.0 180.0   5.0 450.0                            LAT/LON1/LON2/DLON/H
   14   14   13   13   12   12   12   11   12   12   12   13   12   12   12   12
   11   10    9   10    9    8    8    8    8    9    9    9   10   11   13   14
   15   16   17   18   18   18   18   18   17   17   17   16   16   15   15   15
   14   15   15   16   17   17   18   19   19   19   19   19   19   19   19   18
   19   19   18   17   17   16   16   15   14
    75.0-180.0 180.0   5.0 450.0                            LAT/LON1/LON2/DLON/H
   18   17   15   14   13   13   12   12   13   13   13   13   14   14   14   14
   13   12   11   10    9    9    9    9    9    9    9   10   10   11   12   13
   15   16   17   17   17   17   17   17   16   16   15   15   13   13   13   13
   13   14   15   17   18   20   22   23   25   25   26   26   26   26   25   25
   25   25   24   23   22   21   20   19   18
    72.5-180.0 180.0   5.0 450.0                            LAT/LON1/LON2/DLON/H
   23   21   19   17   15   14   13   13   13   13   14   15   16   17   17   17
   16   15   14   12   11   10   10   10    9    9    9   10   11   12   13   15
   16   16   17   18   18   18   17   16   15   14   14   13   12   12   12   12
   13   14   16   19   22   25   28   30   32   33   34   34   33   33   33   33
   33   32   31   31   29   28   27   24   23
    70.0-180.0 180.0   5.0 450.0                            LAT/LON1/LON2/DLON/H
   28   25   23   20   18   16   15   14   13   14   14   16   18   19   21   20
   20   19   16   14   13   11   11   11   10    9   11   12   13   14   14   16
   17   17   17   18   17   17   17   16   15   14   13   12   12   12   12   12
   13   15   19   23   28   32   36   39   41   42   42   42   41   41   41   41
   40   40   39   38   36   35   33   30   28
    67.5-180.0 180.0   5.0 450.0                            LAT/LON1/LON2/DLON/H
   32   29   26   23   21   18   16   15   14   14   15   17   19   21   23   24
   23   22   19   17   15   12   11   11   11   11   12   14   15   16   16   17
   18   18   18   18   17   16   16   16   16   15   14   14   13   13   13   13
   15   18   23   28   34   39   44   47   49   50   50   49   49   48   47   47
   47   46   46   45   43   41   38   36   32
    65.0-180.0 180.0   5.0 450.0                            LAT/LON1/LON2/DLON/H
   36   33   30   27   24   21   19   16   15   15   16   17   20   22   25   26
   26   23   21   18   15   12   12   11   11   13   14   16   17   18   19   19
   19   19   18   17   17   16   16   16   16   17   17   17   17   17   17   18
   20   24   29   35   41   47   52   56   58   59   58   56   55   53   52   52
   52   51   51   50   48   46   43   40   36
    62.5-180.0 180.0   5.0 450.0                            LAT/LON1/LON2/DLON/H
   39   36   33   30   27   24   22   19   18   17   17   18   20   23   25   26
   26   24   20   17   14   12   12   12   11   14   16   18   20   20   21   22
   22   21   20   18   17   16   17   18   19   20   21   22   22   23   23   24
   27   30   36   42   49   56   61   65   66   66   64   62   60   58   57   56
   55   55   54   54   51   49   46   43   39
    60.0-180.0 180.0   5.0 450.0                            LAT/LON1/LON2/DLON/H
   42   38   36   34   31   28   26   23   21   19   18   18   20   23   25   26
   26   23   20   16   12   12   12   12   12   14   16   20   23   24   25   26
   26   24   22   19   18   17   17   19   21   23   26   28   29   30   32   32
   34   38   43   50   56   63   69   72   74   73   71   68   64   62   60   59
   59   58   58   57   55   51   48   45   42
    57.5-180.0 180.0   5.0 450.0                            LAT/LON1/LON2/DLON/H
   44   42   39   38   35   33   30   28   24   21   19   19   20   22   25   26
   25   23   19   15   12   12   12   13   13   16   19   23   27   29   30   31
   31   28   25   22   19   18   18   20   23   27   31   34   36   39   40   41
   43   46   50   56   62   68   73   76   78   78   75   72   69   66   64   63
   62   62   62   61   59   55   50   47   44
    55.0-180.0 180.0   5.0 450.0                            LAT/LON1/LON2/DLON/H
   47   45   44   42   40   38   35   33   29   25   22   20   20   22   24   25
   24   22   19   15   13   13   14   16   16   19   24   28   32   35   38   39
   37   34   31   27   22   21   21   23   26   31   35   40   43   46   47   49
   51   52   56   60   66   71   75   78   80   80   78   75   71   69   67   66
   67   66   66   65   63   58   54   51   47
    52.5-180.0 180.0   5.0 450.0                            LAT/LON1/LON2/DLON/H
   51   50   49   48   45   43   40   37   34   30   26   23   22   22   23   24
   24   22   19   16   15   16   17   19   20   25   29   34   38   42   47   47
   44   42   38   33   29   26   26   28   31   36   40   45   50   53   55   56
   57   58   60   63   68   72   76   80   83   84   83   80   77   73   71   71
   72   71   71   71   69   64   60   55   51
    50.0-180.0 180.0   5.0 450.0                            LAT/LON1/LON2/DLON/H
   58   57   55   52   50   47   45   42   40   36   30   27   25   24   24   24
   24   23   21   19   18   19   21   23   28   34   38   44   49   52   55   55
   53   48   45   40   35   33   32   34   37   41   44   49   53   57   60   61
   62   63   64   66   69   74   78   83   87   88   87   85   82   78   75   74
   75   76   77   77   76   72   67   61   58
    47.5-180.0 180.0   5.0 450.0                            LAT/LON1/LON2/DLON/H
   65   63   60   57   54   51   48   46   45   42   37   32   29   26   25   25
   24   24   24   23   23   24   28   33   38   45   50   56   60   64   64   62
   59   55   51   47   43   41   40   40   42   45   47   51   56   60   63   65
   66   68   68   70   71   76   80   85   89   91   92   90   87   83   79   77
   77   79   81   82   81   78   75   69   65
    45.0-180.0 180.0   5.0 450.0                            LAT/LON1/LON2/DLON/H
   71   68   65   61   57   53   50   48   48   46   42   38   33   30   28   26
   26   27   27   28   30   34   40   46   52   59   64   68   72   74   72   68
   64   61   57   54   51   50   48   47   47   49   50   53   58   62   66   69
   72   72   74   75   76   79   83   87   92   94   95   94   91   88   84   82
   81   82   84   84   84   83   80   76   71
    42.5-180.0 180.0   5.0 450.0                            LAT/LON1/LON2/DLON/H
   75   72   68   64   59   54   51   50   50   50   48   44   40   35   32   30
   29   30   33   35   39   44   51   59   66   72   77   79   81   81   78   72
   68   65   62   60   58   56   55   54   53   53   54   56   61   65   70   74
   77   79   80   81   83   85   88   91   95   97   97   97   94   91   88   85
   83   84   85   85   86   85   82   78   75
    40.0-180.0 180.0   5.0 450.0                            LAT/LON1/LON2/DLON/H
   76   73   69   65   59   54   51   51   52   53   53   50   45   41   36   34
   33   35   39   43   48   54   62   70   78   85   88   88   87   84   79   73
   70   67   64   64   63   62   61   60   58   58   58   61   64   69   74   79
   83   86   87   88   89   91   92   95   97  100   99   98   96   93   90   87
   85   85   86   86   86   85   83   79   76
    37.5-180.0 180.0   5.0 450.0                            LAT/LON1/LON2/DLON/H
   75   72   68   64   58   54   51   51   53   56   57   56   51   47   43   41
   40   41   45   51   56   63   71   80   87   93   96   94   90   85   78   72
   70   68   66   66   66   66   65   64   63   62   62   64   67   72   78   84
   88   90   92   93   94   96   96   98  100  102  102  100   98   95   93   90
   89   88   88   87   86   84   82   78   75
    35.0-180.0 180.0   5.0 450.0                            LAT/LON1/LON2/DLON/H
   73   70   68   64   59   54   51   50   53   57   60   61   58   54   50   48
   47   49   52   58   63   70   77   86   93   98  100   97   90   84   76   71
   70   68   67   67   68   68   67   65   64   64   65   66   70   76   82   88
   92   94   96   97  100  101  101  101  103  104  104  104  103  101   98   97
   96   96   96   93   91   86   82   77   73
    32.5-180.0 180.0   5.0 450.0                            LAT/LON1/LON2/DLON/H
   74   71   68   65   61   55   51   50   52   57   62   64   63   60   57   56
   55   57   61   65   70   75   80   89   95  101  101   96   87   80   75   72
   70   68   68   68   68   68   66   64   64   63   65   68   72   79   86   90
   95   97   99  103  106  107  107  106  107  108  109  110  110  109  109  110
  110  111  111  107  102   94   87   80   74
    30.0-180.0 180.0   5.0 450.0                            LAT/LON1/LON2/DLON/H
   80   74   71   68   63   57   53   50   52   57   62   65   66   65   63   63
   63   65   68   71   74   78   81   87   93   98   96   90   82   77   74   73
   71   69   69   69   68   66   64   62   61   63   65   69   73   81   87   93
   96  100  103  108  113  116  114  114  114  116  118  120  122  123  125  128
  132  134  133  128  121  109   99   89   80
    27.5-180.0 180.0   5.0 450.0                            LAT/LON1/LON2/DLON/H
   92   83   77   73   67   61   55   52   52   55   59   64   66   66   67   68
   68   71   72   73   75   79   81   86   89   92   89   84   77   75   74   74
   74   73   70   69   66   63   61   58   57   59   64   67   73   80   88   94
   98  102  106  114  120  125  124  125  125  127  131  134  138  141  145  153
  158  163  162  156  147  133  119  105   92
    25.0-180.0 180.0   5.0 450.0                            LAT/LON1/LON2/DLON/H
  110   96   88   81   74   67   60   55   53   54   57   60   63   65   67   69
   70   72   73   73   75   77   79   82   85   86   83   79   74   75   77   77
   77   76   72   67   64   61   57   53   52   55   59   64   70   79   87   94
   99  104  110  119  129  135  137  138  138  141  147  151  156  162  168  180
  188  195  194  188  177  163  147  129  110
    22.5-180.0 180.0   5.0 450.0                            LAT/LON1/LON2/DLON/H
  132  113  101   92   83   75   67   60   56   54   55   57   59   61   64   67
   68   69   70   71   72   74   76   78   80   81   80   75   73   75   79   80
   81   78   72   66   61   58   53   48   47   49   53   59   67   77   86   94
  100  107  114  125  138  146  149  152  153  157  163  169  175  183  191  205
  217  225  224  218  205  192  177  155  132
    20.0-180.0 180.0   5.0 450.0                            LAT/LON1/LON2/DLON/H
  152  132  116  104   94   85   75   66   59   55   54   53   55   57   61   63
   63   63   65   67   69   71   74   76   77   78   76   72   72   75   80   82
   81   77   70   64   59   54   50   45   43   43   47   54   64   74   86   95
  102  109  119  131  146  157  163  168  171  175  181  187  193  202  211  226
  237  243  244  238  228  217  202  180  152
    17.5-180.0 180.0   5.0 450.0                            LAT/LON1/LON2/DLON/H
  172  149  131  117  105   95   84   73   64   57   54   52   52   54   57   57
   58   57   59   62   66   69   72   75   75   75   73   70   69   73   79   82
   80   74   67   60   55   52   48   43   40   40   44   51   62   74   86   96
  105  114  126  139  154  168  178  185  189  193  198  203  209  216  225  236
  243  247  248  246  238  230  217  197  172
    15.0-180.0 180.0   5.0 450.0                            LAT/LON1/LON2/DLON/H
  188  165  146  132  118  105   92   79   69   61   55   53   53   54   54   54
   54   53   54   57   62   68   72   75   75   74   70   67   66   69   75   80
   78   70   62   56   52   49   47   42   39   38   42   50   61   74   87   99
  110  120  134  149  165  179  191  198  203  207  211  215  219  224  232  238
  241  242  242  241  236  230  222  207  188
    12.5-180.0 180.0   5.0 450.0                            LAT/LON1/LON2/DLON/H
  197  179  161  145  130  115  101   87   75   65   59   57   56   56   54   53
   52   51   51   53   60   68   71   74   73   72   68   64   61   63   69   77
   77   66   57   51   49   47   46   42   39   38   42   50   62   75   90  102
  114  127  141  158  174  188  199  206  212  216  219  221  223  228  233  235
  235  233  230  229  226  224  219  211  197
    10.0-180.0 180.0   5.0 450.0                            LAT/LON1/LON2/DLON/H
  202  188  172  157  142  126  111   95   81   70   64   62   62   61   58   55
   52   52   52   54   61   67   72   74   73   70   66   61   58   56   62   74
   74   62   52   47   46   46   45   42   39   39   44   52   63   78   92  106
  119  132  146  162  178  192  202  210  216  219  220  221  223  228  231  231
  228  224  220  217  215  215  214  210  202
     7.5-180.0 180.0   5.0 450.0                            LAT/LON1/LON2/DLON/H
  204  194  182  167  152  137  120  104   89   77   71   70   70   70   65   61
   57   58   59   60   63   69   73   75   72   68   64   58   53   52   56   70
   68   57   48   44   43   45   44   41   39   40   45   54   67   80   94  107
  121  134  148  164  178  192  202  210  216  217  217  218  221  225  228  228
  225  221  216  213  211  211  211  209  204
     5.0-180.0 180.0   5.0 450.0                            LAT/LON1/LON2/DLON/H
  208  200  189  174  160  145  129  112   97   85   80   79   80   79   75   71
   68   69   70   68   70   73   77   77   74   68   62   57   52   52   55   63
   61   53   46   42   41   43   42   40   39   41   47   57   69   81   95  108
  120  134  148  161  175  189  200  209  214  214  214  215  219  223  228  229
  228  225  222  218  215  213  214  213  208
     2.5-180.0 180.0   5.0 450.0                            LAT/LON1/LON2/DLON/H
  216  207  195  181  166  151  135  119  105   94   89   88   89   88   85   82
   80   81   81   78   78   81   82   80   76   69   61   57   54   54   56   58
   56   50   45   42   41   40   39   38   38   41   48   58   70   81   93  106
  119  132  145  158  171  185  197  205  210  211  212  214  218  224  230  235
  237  237  235  230  226  224  223  221  216
