IONEX_files/igsg0050.10i
     1.0            IONOSPHERE MAPS     MIX                 IONEX VERSION / TYPE
cmpcmb v1.2          GRL/UWM            20-jan-10 08:08     PGM / RUN BY / DATE 
ionex file containing IGS COMBINED Ionosphere maps          COMMENT             
global ionosphere maps for day 005, 2010                    DESCRIPTION         
IONEX file containing the COMBINED IGS TEC MAPS and DCBs    DESCRIPTION         
      IONEX files of the following IAACs were combined: cod DESCRIPTION         
                                                        jpl DESCRIPTION         
                                                        upc DESCRIPTION         
Contact address: Andrzej Krankowski                         DESCRIPTION
                 Geodynamics Research Laboratory            DESCRIPTION
                 University of Warmia and Mazury (GRL/UWM)  DESCRIPTION
                 Oczapowski St. 1                           DESCRIPTION
                 10-957-Olsztyn, POLAND                     DESCRIPTION
                 e-mail:  kand@uwm.edu.pl                   DESCRIPTION
                                                            DESCRIPTION
  2010     1     5     0     0     0                        EPOCH OF FIRST MAP  
  2010     1     6     0     0     0                        EPOCH OF LAST MAP   
  7200                                                      INTERVAL            
    13                                                      # OF MAPS IN FILE   
  COSZ                                                      MAPPING FUNCTION    
     0.0                                                    ELEVATION CUTOFF    
combined TEC calculated as weighted mean of input TEC valuesOBSERVABLES USED    
   305                                                      # OF STATIONS       
    32                                                      # OF SATELLITES     
  6371.0                                                    BASE RADIUS         
     2                                                      MAP DIMENSION       
   450.0 450.0   0.0                                        HGT1 / HGT2 / DHGT  
    87.5 -87.5  -2.5                                        LAT1 / LAT2 / DLAT  
  -180.0 180.0   5.0                                        LON1 / LON2 / DLON  
    -1                                                      EXPONENT            
TEC values in 0.1 tec units;  9999, if no value available   COMMENT             
DCB values in nanoseconds, reference is Sum_of_SatDCBs = 0  COMMENT             
                                                            END OF HEADER       
[from data line 2145]
     6                                                      START OF TEC MAP    
  2010     1     5    10     0     0                        EPOCH OF CURRENT MAP
    87.5-180.0 180.0   5.0 450.0                            LAT/LON1/LON2/DLON/H
   18   18   18   18   18   18   18   18   18   18   18   18   18   18   18   18
   19   19   18   18   18   18   18   19   19   19   19   19   19   19   20   20
   20   19   19   19   19   19   19   20   19   20   20   19   19   19   19   19
   18   18   18   18   18   18   18   18   18   18   18   18   17   17   17   17
   17   17   17   17   17   17   17   18   18
    85.0-180.0 180.0   5.0 450.0                            LAT/LON1/LON2/DLON/H
   17   17   17   17   17   17   17   17   17   17   17   17   17   17   17   17
   17   17   18   18   18   19   19   19   20   20   20   20   20   21   22   21
   21   21   21   21   21   20   20   21   21   20   21   20   20   20   21   21
   21   19   19   19   18   18   18   18   18   18   18   18   18   17   16   16
   17   17   17   17   17   17   17   17   17
    82.5-180.0 180.0   5.0 450.0                            LAT/LON1/LON2/DLON/H
   16   17   16   16   16   16   16   16   17   18   19   18   19   19   19   19
   19   18   17   16   16   17   19   19   20   19   19   19   20   20   21   22
   22   23   23   23   24   23   23   23   23   23   23   23   22   21   21   21
   20   20   20   19   19   18   18   18   18   19   18   17   17   16   16   16
   16   16   16   16   17   16   17   17   16
    80.0-180.0 180.0   5.0 450.0                            LAT/LON1/LON2/DLON/H
   15   15   16   15   15   16   16   16   16   16   17   17   17   17   16   16
   16   17   17   16   16   17   17   17   17   18   19   19   20   21   22   22
   22   22   21   21   21   22   21   21   22   22   22   22   21   21   20   20
   19   20   20   20   20   19   18   18   18   18   17   17   16   16   16   16
   16   16   16   16   17   16   16   16   15
    77.5-180.0 180.0   5.0 450.0                            LAT/LON1/LON2/DLON/H
   15   16   16   17   17   18   17   19   21   20   18   17   17   16   16   16
   15   15   15   16   16   17   17   17   18   19   18   19   19   20   22   22
   22   22   21   21   20   20   20   21   21   21   21   21   21   21   21   21
   21   20   21   21   21   21   21   19   19   17   17   16   16   17   17   17
   17   16   16   16   17   16   15   15   15
    75.0-180.0 180.0   5.0 450.0                            LAT/LON1/LON2/DLON/H
   16   17   18   19   20   20   20   20   18   17   18   18   17   15   16   16
   16   16   17   18   17   18   18   18   18   19   19   19   19   19   21   21
   21   21   20   21   21   21   22   23   23   24   23   24   24   25   25   25
   24   24   24   24   24   23   24   24   20   18   17   15   15   16   16   16
   16   16   16   16   16   15   15   15   16
    72.5-180.0 180.0   5.0 450.0                            LAT/LON1/LON2/DLON/H
   16   17   18   20   21   20   19   18   18   17   17   16   16   17   17   17
   17   18   19   18   19   21   20   19   19   19   19   18   19   18   20   19
   20   20   21   22   24   25   26   27   28   28   28   29   29   31   31   31
   30   31   29   28   27   27   27   26   23   19   17   15   14   14   14   15
   14   14   14   14   14   14   15   15   16
    70.0-180.0 180.0   5.0 450.0                            LAT/LON1/LON2/DLON/H
   15   16   17   18   19   18   17   18   18   17   17   17   17   18   18   18
   19   20   19   20   22   23   22   22   21   19   19   18   17   16   18   19
   19   22   24   26   28   29   31   33   33   36   36   36   37   37   39   40
   39   37   36   34   31   30   27   25   23   19   17   16   14   14   14   14
   13   14   14   15   15   15   15   15   15
    67.5-180.0 180.0   5.0 450.0                            LAT/LON1/LON2/DLON/H
   15   16   16   18   18   19   18   17   17   17   17   17   19   19   19   20
   20   20   21   23   25   24   24   23   22   21   20   18   17   16   18   19
   22   24   27   29   31   35   36   37   39   42   44   46   46   47   48   48
   48   46   43   41   36   33   30   24   22   19   18   16   15   15   15   14
   14   15   15   16   16   17   16   15   15
    65.0-180.0 180.0   5.0 450.0                            LAT/LON1/LON2/DLON/H
   17   17   18   18   19   19   18   17   17   17   17   18   20   18   20   22
   22   22   24   27   26   25   25   23   22   20   19   17   17   18   20   23
   26   30   31   34   37   40   43   42   45   49   50   54   56   55   57   57
   56   53   50   45   41   37   33   26   23   21   19   18   17   16   16   17
   16   16   18   19   19   19   18   18   17
    62.5-180.0 180.0   5.0 450.0                            LAT/LON1/LON2/DLON/H
   21   20   21   21   21   20   19   18   17   17   17   18   20   20   22   23
   23   24   27   29   27   25   25   22   22   18   18   18   18   21   23   26
   31   36   39   41   43   45   46   49   52   55   57   61   63   63   64   63
   61   58   55   50   45   42   35   31   27   25   23   22   21   21   20   20
   19   19   19   21   22   21   21   20   21
    60.0-180.0 180.0   5.0 450.0                            LAT/LON1/LON2/DLON/H
   24   23   24   24   23   22   21   19   17   16   17   17   19   20   22   23
   23   24   25   26   25   24   24   20   20   19   18   20   22   25   29   31
   36   42   46   49   49   50   51   54   58   59   63   67   67   68   68   67
   66   62   59   56   50   47   41   38   35   34   32   30   29   29   27   26
   24   24   23   24   25   25   24   24   24
    57.5-180.0 180.0   5.0 450.0                            LAT/LON1/LON2/DLON/H
   28   27   29   28   27   26   24   21   20   18   17   18   19   20   21   22
   22   22   22   23   23   22   22   19   19   20   20   24   27   31   35   37
   41   48   53   55   55   55   57   59   62   65   68   71   73   72   73   73
   70   68   64   62   59   56   51   48   43   42   39   37   37   36   35   34
   35   33   29   28   28   28   27   27   28
    55.0-180.0 180.0   5.0 450.0                            LAT/LON1/LON2/DLON/H
   33   32   32   31   30   27   25   22   19   18   18   18   20   21   22   22
   21   20   19   18   17   17   17   17   18   20   21   24   30   33   36   41
   45   50   54   55   54   54   54   55   56   59   63   65   69   71   73   73
   74   72   69   66   63   60   56   53   47   43   40   38   38   38   38   37
   37   37   35   33   32   31   30   30   33
    52.5-180.0 180.0   5.0 450.0                            LAT/LON1/LON2/DLON/H
   37   38   37   36   35   32   29   26   23   21   20   21   22   23   23   23
   21   19   17   17   16   16   17   20   23   25   26   30   35   38   41   47
   51   55   59   61   61   62   63   63   64   66   68   70   72   75   77   77
   78   77   75   74   72   69   65   61   55   50   45   43   42   41   41   39
   38   37   37   36   35   34   34   34   37
    50.0-180.0 180.0   5.0 450.0                            LAT/LON1/LON2/DLON/H
   41   42   42   41   40   37   34   30   27   25   24   24   25   25   25   24
   22   21   20   18   19   20   23   27   31   33   35   38   41   44   46   51
   55   59   63   66   69   71   72   73   74   74   74   74   76   78   81   81
   83   82   83   82   81   77   73   67   62   56   50   47   45   44   42   40
   39   38   38   39   39   38   38   38   41
    47.5-180.0 180.0   5.0 450.0                            LAT/LON1/LON2/DLON/H
   44   46   46   45   44   41   39   35   33   31   30   30   30   29   28   27
   26   25   25   25   26   29   33   39   43   46   47   49   49   50   52   55
   57   61   66   71   75   80   83   84   83   83   82   80   80   82   83   85
   87   89   90   90   89   85   80   73   67   62   57   52   49   46   44   43
   41   40   40   41   41   41   41   42   44
    45.0-180.0 180.0   5.0 450.0                            LAT/LON1/LON2/DLON/H
   46   47   47   47   46   44   43   40   39   37   37   36   36   34   33   33
   33   35   35   36   39   43   49   54   58   60   60   61   58   58   56   57
   59   62   67   74   80   87   92   93   94   94   90   87   86   86   86   88
   92   95   96   97   96   91   85   77   71   64   59   55   52   50   47   46
   45   45   44   44   43   42   42   43   46
    42.5-180.0 180.0   5.0 450.0                            LAT/LON1/LON2/DLON/H
   44   46   46   47   48   47   48   46   44   44   44   43   42   41   39   40
   42   47   49   52   55   60   66   72   74   75   72   70   66   64   61   60
   60   63   69   77   85   93   99  103  105  104  101   97   93   91   90   92
   96   99  100  101   99   94   88   79   72   64   58   56   54   52   50   49
   49   49   48   47   45   43   42   43   44
    40.0-180.0 180.0   5.0 450.0                            LAT/LON1/LON2/DLON/H
   43   45   45   45   47   48   50   49   50   50   50   50   49   48   48   49
   54   59   64   69   73   78   82   87   89   87   80   74   71   70   67   65
   64   67   73   81   91  100  107  112  115  116  112  107  102   97   95   96
   98  101  101  100   99   94   86   79   71   63   58   55   55   54   53   53
   53   54   53   51   47   45   43   43   43
    37.5-180.0 180.0   5.0 450.0                            LAT/LON1/LON2/DLON/H
   43   43   42   43   45   47   50   52   54   55   56   57   57   57   56   59
   66   73   79   84   88   92   95   98   97   91   83   79   77   75   74   73
   72   74   80   88   97  105  112  118  124  124  123  118  112  107  103  101
  101  102  101  100   97   90   84   77   70   64   58   55   55   56   56   57
   57   58   56   54   50   46   43   43   43
    35.0-180.0 180.0   5.0 450.0                            LAT/LON1/LON2/DLON/H
   41   41   40   40   42   45   49   52   56   59   61   63   64   64   65   69
   76   85   92   96   99  101  102  101   97   92   85   83   82   82   84   83
   83   85   90   97  105  111  117  123  129  131  132  129  123  117  113  110
  107  106  104  102   98   92   86   77   71   65   60   57   57   58   59   60
   61   61   59   56   51   47   44   42   41
    32.5-180.0 180.0   5.0 450.0                            LAT/LON1/LON2/DLON/H
   41   40   38   37   39   42   45   50   54   60   65   68   70   71   72   77
   84   93   99  104  104  104  102   98   95   92   87   85   87   91   95   95
   97   99  103  108  114  118  121  127  133  139  142  142  138  132  127  123
  117  116  114  112  107  101   94   84   77   70   64   61   60   62   62   63
   64   63   61   57   52   47   43   42   41
    30.0-180.0 180.0   5.0 450.0                            LAT/LON1/LON2/DLON/H
   42   40   37   36   37   39   42   46   51   57   64   70   73   75   76   81
   88   95  101  103  103  100   96   92   90   88   86   85   91   98  106  109
  111  113  117  121  124  125  126  132  140  146  152  155  154  150  146  142
  139  136  134  136  129  120  109  100   91   80   71   67   66   66   66   65
   65   64   61   57   52   47   44   42   42
    27.5-180.0 180.0   5.0 450.0                            LAT/LON1/LON2/DLON/H
   43   42   39   37   37   37   39   42   46   53   61   67   72   74   77   80
   87   92   95   95   95   91   86   83   82   80   79   83   92  104  114  120
  123  126  129  133  134  132  133  139  146  155  163  167  169  170  170  167
  167  164  167  172  162  149  134  123  109   95   83   77   74   72   70   68
   67   65   62   58   53   48   46   44   43
    25.0-180.0 180.0   5.0 450.0                            LAT/LON1/LON2/DLON/H
   46   45   44   41   40   39   39   40   42   47   55   62   67   69   72   75
   80   83   85   83   83   80   76   71   71   70   73   81   92  107  120  127
  132  135  139  141  142  140  141  147  156  166  173  179  186  192  195  193
  197  195  201  205  195  183  165  153  132  113   99   89   83   79   76   72
   70   68   65   61   56   51   48   47   46
    22.5-180.0 180.0   5.0 450.0                            LAT/LON1/LON2/DLON/H
   49   49   48   47   44   43   42   41   42   44   51   56   60   63   65   67
   70   72   72   71   70   68   66   62   61   65   70   79   92  107  121  131
  136  141  145  149  150  149  151  157  165  174  183  191  201  209  215  218
  224  223  227  230  223  212  195  181  157  135  118  105   95   89   82   79
   75   72   69   65   61   56   53   50   49
    20.0-180.0 180.0   5.0 450.0                            LAT/LON1/LON2/DLON/H
   51   51   51   49   47   45   49   49   47   47   50   52   55   57   59   62
   65   66   67   66   67   68   67   66   65   70   74   81   92  107  117  125
  132  138  145  154  157  160  161  166  169  173  179  189  203  218  228  237
  241  241  240  238  235  229  217  201  178  156  137  124  112  102   94   90
   86   83   79   76   72   67   61   55   51
    17.5-180.0 180.0   5.0 450.0                            LAT/LON1/LON2/DLON/H
   56   54   54   53   51   49   51   51   49   48   48   50   51   53   55   58
   60   61   61   62   66   68   67   66   65   72   75   81   92  108  119  128
  137  143  157  168  167  168  171  173  173  178  185  197  213  225  233  244
  252  253  249  245  243  240  232  215  193  172  154  138  126  114  105  100
   98   94   92   88   84   78   70   62   56
    15.0-180.0 180.0   5.0 450.0                            LAT/LON1/LON2/DLON/H
   60   56   57   56   55   53   50   51   50   49   48   48   48   48   49   54
   58   57   58   61   67   70   70   69   68   73   80   83   93  108  120  129
  139  151  165  174  176  177  178  179  181  184  193  204  217  226  234  244
  251  254  250  246  244  242  236  222  203  184  167  152  139  127  117  112
  110  108  106  101   97   90   79   68   60
    12.5-180.0 180.0   5.0 450.0                            LAT/LON1/LON2/DLON/H
   62   58   57   58   57   55   50   50   50   49   47   46   45   44   44   48
   56   56   58   61   67   70   71   70   70   77   85   86   95  109  120  131
  142  155  169  175  180  183  185  186  187  191  200  209  220  226  234  241
  246  249  244  240  238  237  233  223  208  193  178  165  152  139  129  124
  122  121  117  112  107   99   87   73   62
    10.0-180.0 180.0   5.0 450.0                            LAT/LON1/LON2/DLON/H
   63   58   57   58   57   55   49   49   49   49   47   46   44   43   42   45
   53   54   58   62   66   69   69   69   69   77   85   89   98  110  121  133
  145  157  168  175  179  184  189  191  194  199  207  214  221  227  232  237
  240  241  238  232  229  228  226  221  211  200  191  179  166  151  139  132
  130  128  125  119  112  103   89   75   63
     7.5-180.0 180.0   5.0 450.0                            LAT/LON1/LON2/DLON/H
   62   56   55   56   55   55   48   49   49   50   49   47   45   43   42   45
   51   53   58   63   66   68   68   69   71   76   83   92  102  114  123  135
  148  159  168  175  179  184  192  196  201  209  216  218  223  227  230  233
  236  235  232  226  223  223  222  221  216  211  206  196  181  163  149  140
  135  131  127  120  112  103   89   74   62
     5.0-180.0 180.0   5.0 450.0                            LAT/LON1/LON2/DLON/H
   61   55   53   53   53   52   47   48   51   52   52   50   47   45   44   47
   52   55   60   64   68   69   69   70   73   77   84   94  105  119  127  138
  152  162  171  180  185  194  201  203  210  218  221  222  224  225  227  230
  236  235  232  228  224  223  225  227  226  225  222  214  197  174  156  145
  137  130  124  116  108   99   86   72   61
     2.5-180.0 180.0   5.0 450.0                            LAT/LON1/LON2/DLON/H
   61   55   53   51   50   49   46   48   51   54   53   51   48   45   46   52
   57   60   64   68   71   72   70   71   74   79   88   98  111  123  133  144
  155  166  174  182  192  204  211  212  217  224  223  223  224  225  226  229
  241  243  241  238  234  233  237  240  242  242  240  230  211  184  162  150
  139  128  119  110  102   93   82   71   61
