IONEX_files/igsg0050.10i
     1.0            IONOSPHERE MAPS     MIX                 IONEX VERSION / TYPE
cmpcmb v1.2          GRL/UWM            20-jan-10 08:08     PGM / RUN BY / DATE 
ionex file containing IGS COMBINED Ionosphere maps          COMMENT             
global ionosphere maps for day 005, 2010                    DESCRIPTION         
IONEX file containing the COMBINED IGS TEC MAPS and DCBs    DESCRIPTION         
      IONEX files of the following IAACs were combined: cod DESCRIPTION         
                                                        jpl DESCRIPTION         
                                                        upc DESCRIPTION         
Contact address: Andrzej Krankowski                         DESCRIPTION
                 Geodynamics Research Laboratory            DESCRIPTION
                 University of Warmia and Mazury (GRL/UWM)  DESCRIPTION
                 Oczapowski St. 1                           DESCRIPTION
                 10-957-Olsztyn, POLAND                     DESCRIPTION
                 e-mail:  kand@uwm.edu.pl                   DESCRIPTION
                                                            DESCRIPTION
  2010     1     5     0     0     0                        EPOCH OF FIRST MAP  
  2010     1     6     0     0     0                        EPOCH OF LAST MAP   
  7200                                                      INTERVAL            
    13                                                      # OF MAPS IN FILE   
  COSZ                                                      MAPPING FUNCTION    
     0.0                                                    ELEVATION CUTOFF    
combined TEC calculated as weighted mean of input TEC valuesOBSERVABLES USED    
   305                                                      # OF STATIONS       
    32                                                      # OF SATELLITES     
  6371.0                                                    BASE RADIUS         
     2                                                      MAP DIMENSION       
   450.0 450.0   0.0                                        HGT1 / HGT2 / DHGT  
    87.5 -87.5  -2.5                                        LAT1 / LAT2 / DLAT  
  -180.0 180.0   5.0                                        LON1 / LON2 / DLON  
    -1                                                      EXPONENT            
TEC values in 0.1 tec units;  9999, if no value available   COMMENT             
DCB values in nanoseconds, reference is Sum_of_SatDCBs = 0  COMMENT             
                                                            END OF HEADER       
[from data line 1287]
     4                                                      START OF TEC MAP    
  2010     1     5     6     0     0                        EPOCH OF CURRENT MAP
    87.5-180.0 180.0   5.0 450.0                            LAT/LON1/LON2/DLON/H
   18   18   19   18   18   18   18   18   19   19   18   18   18   18   18   18
   18   18   18   17   17   17   17   17   17   18   18   18   18   18   23   23
   23   23   23   23   23   23   23   23   23   23   23   22   22   22   22   21
   18   18   18   18   18   18   18   18   18   18   18   18   18   18   18   18
   18   18   18   18   19   19   19   18   18
    85.0-180.0 180.0   5.0 450.0                            LAT/LON1/LON2/DLON/H
   17   17   16   17   17   17   18   17   17   17   17   17   16   16   16   15
   15   15   15   16   17   17   17   18   18   19   19   19   20   21   24   25
   26   26   26   26   26   26   26   26   26   25   24   24   24   23   22   22
   19   19   18   18   18   18   19   19   19   19   18   18   18   18   18   18
   18   18   18   18   18   17   17   17   17
    82.5-180.0 180.0   5.0 450.0                            LAT/LON1/LON2/DLON/H
   16   17   17   16   17   17   17   17   17   17   17   17   16   16   16   16
   15   15   15   14   15   16   17   19   19   19   20   21   22   23   26   26
   27   27   28   28   28   28   28   28   27   27   26   25   24   23   22   21
   18   18   18   17   18   19   19   19   19   19   19   17   17   16   16   16
   16   16   16   15   16   15   16   16   16
    80.0-180.0 180.0   5.0 450.0                            LAT/LON1/LON2/DLON/H
   15   15   15   16   16   17   17   18   18   18   17   17   17   16   16   15
   15   16   16   14   14   14   17   18   18   19   20   20   22   24   26   27
   28   28   29   29   29   29   28   28   27   27   26   24   23   23   22   21
   19   18   17   17   17   18   19   19   19   19   18   17   16   16   15   15
   15   14   14   14   14   14   15   14   15
    77.5-180.0 180.0   5.0 450.0                            LAT/LON1/LON2/DLON/H
   13   13   14   14   16   17   17   17   18   18   17   17   16   15   14   14
   14   13   13   13   12   11   13   15   18   19   20   21   21   23   26   27
   28   29   29   29   29   28   29   28   27   26   26   25   23   22   21   21
   19   19   18   17   18   19   21   21   21   21   21   19   18   17   16   15
   14   14   13   13   13   13   13   13   13
    75.0-180.0 180.0   5.0 450.0                            LAT/LON1/LON2/DLON/H
   13   13   14   15   17   18   17   18   18   18   17   16   15   14   13   12
   12   12   12   11   12   14   15   17   19   19   20   22   23   23   26   27
   27   28   28   28   28   27   27   26   25   25   25   24   23   22   22   22
   21   22   22   22   24   25   25   27   27   26   26   25   23   22   21   19
   17   15   15   14   14   13   13   13   13
    72.5-180.0 180.0   5.0 450.0                            LAT/LON1/LON2/DLON/H
   15   15   15   16   17   18   16   16   17   18   17   16   16   13   12   12
   12   13   13   13   14   15   18   19   23   33   23   22   24   24   26   26
   27   27   26   26   26   26   25   25   24   24   24   23   24   24   24   25
   25   26   27   29   30   33   34   35   35   33   32   31   30   28   27   25
   23   20   18   18   16   15   14   15   15
    70.0-180.0 180.0   5.0 450.0                            LAT/LON1/LON2/DLON/H
   17   18   17   17   17   17   16   16   17   17   17   17   15   15   14   13
   13   15   15   15   16   17   21   22   28   31   28   23   23   23   23   24
   24   25   25   25   25   25   24   24   24   24   24   24   26   26   28   30
   30   31   33   36   38   42   45   45   44   42   38   37   36   36   33   31
   29   26   24   23   21   19   18   17   17
    67.5-180.0 180.0   5.0 450.0                            LAT/LON1/LON2/DLON/H
   21   22   20   18   18   18   16   17   16   16   16   15   16   16   15   15
   15   15   15   18   18   23   23   25   28   26   28   23   22   21   21   21
   22   22   23   24   24   25   25   24   25   25   26   27   28   30   32   34
   35   37   40   43   46   50   52   54   53   51   45   43   43   41   39   36
   34   31   30   28   26   24   22   21   21
    65.0-180.0 180.0   5.0 450.0                            LAT/LON1/LON2/DLON/H
   24   23   21   20   19   19   17   16   16   16   15   15   17   17   17   17
   17   17   17   18   19   32   25   25   25   25   24   22   19   19   19   19
   21   22   22   23   25   25   25   24   25   26   28   31   33   35   38   40
   41   42   44   48   51   56   59   61   61   59   52   49   49   47   42   39
   38   36   34   32   30   29   27   25   24
    62.5-180.0 180.0   5.0 450.0                            LAT/LON1/LON2/DLON/H
   26   24   23   21   21   20   18   17   17   16   15   16   18   18   18   18
   18   17   17   19   20   30   23   24   23   24   23   21   20   20   18   18
   21   22   22   24   25   25   25   25   26   28   31   34   37   40   43   46
   46   47   49   52   55   59   63   66   66   64   57   54   53   50   45   42
   38   37   36   35   34   33   31   29   26
    60.0-180.0 180.0   5.0 450.0                            LAT/LON1/LON2/DLON/H
   28   26   24   23   23   22   20   19   18   17   17   18   18   19   19   19
   18   18   18   20   21   22   20   22   21   21   22   22   23   21   19   20
   22   23   24   25   26   26   26   27   29   32   35   39   42   47   50   53
   53   54   56   58   62   66   69   71   71   70   63   60   58   55   49   44
   39   37   37   37   36   35   34   31   28
    57.5-180.0 180.0   5.0 450.0                            LAT/LON1/LON2/DLON/H
   30   28   26   26   26   25   22   21   20   20   19   18   19   20   19   19
   18   18   18   19   20   20   20   21   21   21   22   23   33   25   22   23
   24   26   26   27   28   28   29   31   33   35   40   45   49   54   57   60
   60   62   63   67   70   73   75   76   77   76   72   68   65   59   53   46
   41   39   38   39   39   38   36   32   30
    55.0-180.0 180.0   5.0 450.0                            LAT/LON1/LON2/DLON/H
   33   31   28   28   27   25   26   24   22   21   20   21   21   21   20   18
   16   14   15   15   15   15   16   16   16   19   20   24   34   24   21   23
   24   25   26   26   27   28   30   31   34   37   43   49   53   56   58   60
   54   57   61   66   71   76   80   82   83   82   78   72   64   56   48   41
   36   34   35   37   39   40   39   37   33
    52.5-180.0 180.0   5.0 450.0                            LAT/LON1/LON2/DLON/H
   33   31   30   31   31   30   30   28   26   24   24   24   24   24   23   22
   19   17   16   17   17   17   17   18   19   26   29   32   43   36   31   32
   31   33   33   33   34   34   36   37   40   45   50   54   57   60   63   66
   61   64   70   75   80   86   89   92   92   92   88   83   76   68   59   51
   43   39   37   37   37   38   37   36   33
    50.0-180.0 180.0   5.0 450.0                            LAT/LON1/LON2/DLON/H
   32   31   31   33   34   34   33   32   29   28   27   28   28   28   27   25
   22   21   19   19   20   20   21   22   28   37   43   47   52   50   45   44
   43   41   40   39   38   39   41   42   47   52   56   58   61   64   68   70
   67   73   79   85   91   94   97   99  100  100   98   94   88   81   72   63
   53   47   41   39   38   38   36   34   32
    47.5-180.0 180.0   5.0 450.0                            LAT/LON1/LON2/DLON/H
   33   32   32   34   37   38   37   35   33   32   31   31   31   30   28   27
   26   25   24   25   24   25   29   35   44   54   60   64   67   63   58   55
   52   49   46   45   43   43   45   49   53   57   60   62   65   69   71   75
   74   81   88   94   99  101  103  103  104  104  103  100   96   91   83   74
   64   55   48   44   41   39   38   35   33
    45.0-180.0 180.0   5.0 450.0                            LAT/LON1/LON2/DLON/H
   35   33   32   35   39   41   41   39   37   36   34   34   33   33   31   30
   30   32   33   35   38   41   46   54   63   72   77   79   81   76   68   64
   59   55   51   49   48   48   52   56   60   64   67   68   72   73   76   81
   81   89   96  102  106  105  105  104  104  104  103  102   99   95   90   83
   74   65   57   50   46   43   40   38   35
    42.5-180.0 180.0   5.0 450.0                            LAT/LON1/LON2/DLON/H
   38   35   33   36   40   44   44   43   41   40   38   38   38   37   35   35
   37   42   45   50   54   60   66   75   83   91   92   91   89   82   73   67
   61   58   55   54   53   54   58   63   67   72   75   76   79   79   81   86
   88   97  104  109  110  108  104  102  101  100   99   98   97   95   92   87
   80   72   64   57   52   48   45   42   38
    40.0-180.0 180.0   5.0 450.0                            LAT/LON1/LON2/DLON/H
   41   36   34   36   40   44   46   46   44   44   44   43   44   43   42   42
   46   52   57   65   71   78   85   93  101  105  103   99   93   83   73   67
   62   59   57   57   56   59   63   68   74   78   81   83   85   86   87   90
   94  103  110  112  112  108  103  100   98   96   95   94   93   92   90   87
   84   78   71   64   58   54   51   46   41
    37.5-180.0 180.0   5.0 450.0                            LAT/LON1/LON2/DLON/H
   44   39   36   36   40   44   48   48   48   48   49   50   50   51   49   50
   55   62   69   79   86   94  101  108  114  114  108  101   92   82   73   68
   63   61   60   59   59   62   66   71   78   83   87   89   90   91   91   94
   99  108  113  116  114  110  106  102  101   99   97   94   91   90   88   87
   86   82   77   70   64   60   55   50   44
    35.0-180.0 180.0   5.0 450.0                            LAT/LON1/LON2/DLON/H
   47   42   37   36   39   44   48   49   50   52   55   57   58   59   59   60
   64   72   80   89   97  105  112  117  120  116  110  100   90   82   74   71
   67   65   63   62   62   64   68   74   81   88   92   94   95   94   96   98
  104  112  118  120  119  116  114  113  113  111  108  103   98   93   91   91
   89   87   83   77   70   64   59   53   47
    32.5-180.0 180.0   5.0 450.0                            LAT/LON1/LON2/DLON/H
   50   44   40   38   39   43   48   50   52   55   58   63   66   69   69   70
   73   81   87   97  105  112  116  119  119  114  108   98   87   80   75   72
   71   68   67   65   65   66   69   75   84   91   95   98   99  100  101  104
  109  118  124  127  128  128  130  133  135  136  132  125  117  109  103  100
   98   95   92   84   76   68   62   56   50
    30.0-180.0 180.0   5.0 450.0                            LAT/LON1/LON2/DLON/H
   53   47   43   40   40   43   47   50   52   55   59   66   71   75   76   77
   81   86   92  100  108  112  113  113  112  109  102   93   84   78   74   73
   72   70   68   67   66   66   68   75   83   92   98  101  103  104  107  111
  115  125  133  139  143  147  154  163  169  172  168  160  148  136  124  118
  112  108  102   93   84   74   67   60   53
    27.5-180.0 180.0   5.0 450.0                            LAT/LON1/LON2/DLON/H
   58   52   47   44   43   44   48   50   53   55   58   65   71   76   78   80
   84   90   93  100  105  107  106  105  103   97   92   85   81   78   75   73
   72   70   68   66   65   63   66   73   82   92   99  102  105  110  113  118
  124  135  146  155  162  172  183  198  210  214  212  204  189  174  157  144
  134  126  117  106   95   82   73   65   58
    25.0-180.0 180.0   5.0 450.0                            LAT/LON1/LON2/DLON/H
   64   57   52   49   47   45   50   50   52   53   56   61   67   72   75   77
   82   87   90   96   98   98   97   94   90   84   81   78   79   80   79   76
   72   69   67   64   62   61   65   74   83   93  100  103  109  114  121  127
  135  150  163  175  186  199  214  233  249  256  254  246  232  213  192  175
  160  149  136  123  108   95   82   72   64
    22.5-180.0 180.0   5.0 450.0                            LAT/LON1/LON2/DLON/H
   71   63   57   53   51   48   52   52   51   52   53   56   61   66   70   73
   77   81   84   88   90   90   88   84   78   75   74   75   78   81   81   76
   70   67   65   62   60   62   66   75   85   94   99  105  112  120  129  139
  150  167  182  196  210  224  241  262  277  286  286  280  267  250  225  205
  188  172  158  143  127  111   95   82   71
    20.0-180.0 180.0   5.0 450.0                            LAT/LON1/LON2/DLON/H
   82   70   64   59   56   54   62   60   57   56   56   56   58   63   66   68
   72   76   79   83   86   86   86   83   78   77   78   79   79   81   81   75
   69   67   62   59   60   63   68   77   86   95  102  111  122  133  144  157
  169  186  201  215  229  241  259  276  291  299  299  294  285  271  250  230
  211  196  181  167  149  132  114   96   82
    17.5-180.0 180.0   5.0 450.0                            LAT/LON1/LON2/DLON/H
   95   80   70   64   60   58   66   64   61   58   56   55   56   58   63   66
   68   71   75   78   82   84   84   82   78   79   80   78   77   77   75   71
   65   63   59   56   57   62   69   79   89   97  104  115  129  141  156  173
  188  203  215  226  236  247  259  272  283  290  291  290  284  275  260  243
  226  212  201  188  172  153  133  113   95
    15.0-180.0 180.0   5.0 450.0                            LAT/LON1/LON2/DLON/H
  111   92   78   70   66   64   68   66   62   59   56   54   53   54   59   63
   65   69   72   76   80   83   85   83   80   80   79   76   72   71   69   65
   59   57   55   53   55   61   70   82   93  101  109  121  137  151  170  190
  204  216  224  230  235  241  248  257  265  269  270  271  270  266  258  246
  234  224  215  205  192  174  153  132  111
    12.5-180.0 180.0   5.0 450.0                            LAT/LON1/LON2/DLON/H
  127  106   89   78   73   70   69   67   63   60   57   53   50   48   53   58
   62   65   69   75   80   86   87   84   81   78   76   72   67   65   62   59
   56   54   51   50   54   61   73   86   99  106  115  129  147  163  184  197
  214  223  226  227  227  229  232  237  242  244  245  246  249  252  252  246
  238  230  224  218  207  191  173  150  127
    10.0-180.0 180.0   5.0 450.0                            LAT/LON1/LON2/DLON/H
  144  121  102   88   81   77   72   69   65   63   59   54   48   42   49   54
   58   62   66   72   79   87   88   83   79   75   72   69   63   59   56   54
   54   52   50   51   54   63   77   92  105  113  123  138  152  171  188  203
  218  223  222  219  216  215  216  220  224  225  224  225  231  239  245  246
  241  235  231  227  218  203  186  166  144
     7.5-180.0 180.0   5.0 450.0                            LAT/LON1/LON2/DLON/H
  158  136  116  101   91   86   77   73   70   67   64   59   51   47   50   55
   58   63   67   71   76   85   83   79   78   74   71   67   61   55   54   54
   55   53   50   51   55   66   81   97  108  119  130  143  159  175  189  202
  215  217  214  209  205  205  208  214  218  220  216  216  222  233  243  249
  247  241  237  232  224  211  196  178  158
     5.0-180.0 180.0   5.0 450.0                            LAT/LON1/LON2/DLON/H
  171  151  130  112  101   94   82   79   75   72   70   66   59   58   60   62
   62   65   68   72   76   82   81   79   81   77   71   66   60   55   55   57
   57   55   52   52   57   69   84   99  113  124  135  147  160  173  185  195
  205  206  204  200  199  202  210  220  229  230  226  223  228  239  252  258
  257  251  244  237  227  214  200  186  171
     2.5-180.0 180.0   5.0 450.0                            LAT/LON1/LON2/DLON/H
  180  163  143  125  112  102   88   82   79   76   74   73   70   69   70   70
   68   69   71   74   79   83   84   84   85   81   73   66   61   59   62   63
   62   57   54   54   61   73   89  103  115  126  135  146  158  167  177  186
  193  195  195  196  200  208  222  238  252  255  251  246  249  258  271  276
  271  262  251  241  228  214  202  192  180
