IONEX_files/igsg0040.10i
     1.0            IONOSPHERE MAPS     MIX                 IONEX VERSION / TYPE
cmpcmb v1.2          GRL/UWM            20-jan-10 08:04     PGM / RUN BY / DATE 
ionex file containing IGS COMBINED Ionosphere maps          COMMENT             
global ionosphere maps for day 004, 2010                    DESCRIPTION         
IONEX file containing the COMBINED IGS TEC MAPS and DCBs    DESCRIPTION         
      IONEX files of the following IAACs were combined: cod DESCRIPTION         
                                                        jpl DESCRIPTION         
                                                        upc DESCRIPTION         
Contact address: Andrzej Krankowski                         DESCRIPTION
                 Geodynamics Research Laboratory            DESCRIPTION
                 University of Warmia and Mazury (GRL/UWM)  DESCRIPTION
                 Oczapowski St. 1                           DESCRIPTION
                 10-957-Olsztyn, POLAND                     DESCRIPTION
                 e-mail:  kand@uwm.edu.pl                   DESCRIPTION
                                                            DESCRIPTION
  2010     1     4     0     0     0                        EPOCH OF FIRST MAP  
  2010     1     5     0     0     0                        EPOCH OF LAST MAP   
  7200                                                      INTERVAL            
    13                                                      # OF MAPS IN FILE   
  COSZ                                                      MAPPING FUNCTION    
     0.0                                                    ELEVATION CUTOFF    
combined TEC calculated as weighted mean of input TEC valuesOBSERVABLES USED    
   306                                                      # OF STATIONS       
    32                                                      # OF SATELLITES     
  6371.0                                                    BASE RADIUS         
     2                                                      MAP DIMENSION       
   450.0 450.0   0.0                                        HGT1 / HGT2 / DHGT  
    87.5 -87.5  -2.5                                        LAT1 / LAT2 / DLAT  
  -180.0 180.0   5.0                                        LON1 / LON2 / DLON  
    -1                                                      EXPONENT            
TEC values in 0.1 tec units;  9999, if no value available   COMMENT             
DCB values in nanoseconds, reference is Sum_of_SatDCBs = 0  COMMENT             
                                                            END OF HEADER       
     1                                                      START OF TEC MAP    
  2010     1     4     0     0     0                        EPOCH OF CURRENT MAP
    87.5-180.0 180.0   5.0 450.0                            LAT/LON1/LON2/DLON/H
   26   26   27   27   27   27   27   27   27   27   27   27   28   28   27   28
   28   27   27   27   26   26   24   24   22   22   21   21   21   21   24   24
   24   24   24   25   25   25   25   25   25   25   25   25   25   25   25   25
   24   24   24   24   24   24   24   24   24   24   24   24   24   24   24   25
   25   25   25   25   26   26   26   26   26
    85.0-180.0 180.0   5.0 450.0                            LAT/LON1/LON2/DLON/H
   31   31   31   31   31   32   31   30   30   30   29   29   29   29   29   29
   29   30   30   30   30   29   24   21   20   19   19   19   19   19   22   22
   23   24   24   24   25   25   25   26   26   26   27   27   27   27   27   27
   26   26   25   25   25   25   24   24   24   24   24   24   24   24   24   25
   25   26   27   27   28   28   29   30   31
    82.5-180.0 180.0   5.0 450.0                            LAT/LON1/LON2/DLON/H
   33   34   35   36   36   37   36   36   34   34   33   32   31   31   29   29
   28   28   29   29   31   30   23   20   19   19   19   18   18   17   21   21
   21   23   23   24   24   25   26   27   27   28   29   29   29   29   29   29
   29   28   27   27   26   26   25   24   24   23   22   22   22   22   23   23
   24   26   26   28   29   30   31   32   33
    80.0-180.0 180.0   5.0 450.0                            LAT/LON1/LON2/DLON/H
   35   37   38   38   39   38   37   36   36   35   33   32   32   31   30   30
   29   27   26   24   23   26   26   25   23   22   19   19   18   17   21   22
   22   23   23   24   24   25   26   27   28   29   30   30   30   31   31   31
   30   30   29   28   27   26   25   24   22   21   20   20   21   21   22   22
   23   24   25   27   28   30   31   33   35
    77.5-180.0 180.0   5.0 450.0                            LAT/LON1/LON2/DLON/H
   38   40   41   42   42   42   41   40   38   36   34   33   34   34   36   36
   34   31   28   26   26   29   24   20   18   18   18   16   16   15   20   22
   22   23   24   25   26   27   27   28   29   30   31   32   32   32   33   32
   32   31   30   29   27   26   23   22   20   18   17   18   18   18   19   20
   21   22   24   26   28   30   33   36   38
    75.0-180.0 180.0   5.0 450.0                            LAT/LON1/LON2/DLON/H
   42   44   45   46   46   45   42   41   38   37   39   39   38   38   38   36
   34   33   33   32   32   27   24   22   20   19   18   17   17   17   21   21
   22   23   24   25   26   27   27   28   29   31   31   32   32   32   33   32
   32   32   31   30   28   25   22   19   17   15   14   13   14   14   15   16
   17   19   22   25   29   32   36   39   42
    72.5-180.0 180.0   5.0 450.0                            LAT/LON1/LON2/DLON/H
   46   48   49   49   48   49   44   43   43   42   41   39   38   38   39   39
   40   38   35   36   33   29   26   25   20   18   17   16   15   17   21   22
   22   23   24   24   24   25   25   26   28   30   31   31   31   31   32   32
   33   32   31   30   27   24   21   18   15   12   10    9   10   10   10   11
   13   16   21   26   31   36   39   43   46
    70.0-180.0 180.0   5.0 450.0                            LAT/LON1/LON2/DLON/H
   50   53   54   54   54   52   49   46   44   40   40   38   38   40   41   44
   41   42   42   43   37   33   28   28   22   19   18   18   16   15   21   22
   22   23   24   25   25   25   24   25   26   27   28   29   29   29   30   30
   31   31   29   28   26   22   19   16   15   13   12   11   10    9    9    8
   11   15   20   27   33   38   43   47   50
    67.5-180.0 180.0   5.0 450.0                            LAT/LON1/LON2/DLON/H
   56   58   60   60   59   57   51   47   44   41   40   38   38   38   43   42
   43   45   46   44   41   36   31   28   25   22   20   20   19   17   21   20
   21   22   24   25   25   24   24   24   25   25   27   28   29   28   29   29
   29   28   26   25   23   20   17   17   17   17   16   14   12   11    9   10
   14   19   24   31   36   41   47   52   56
    65.0-180.0 180.0   5.0 450.0                            LAT/LON1/LON2/DLON/H
   61   64   66   65   66   63   55   51   46   43   40   38   36   37   38   38
   40   42   42   42   41   36   32   27   27   25   22   21   23   24   22   22
   22   21   21   22   22   22   22   24   25   25   27   28   29   29   30   30
   30   28   25   24   21   20   17   18   19   21   20   17   15   14   14   17
   23   27   31   37   41   47   52   58   61
    62.5-180.0 180.0   5.0 450.0                            LAT/LON1/LON2/DLON/H
   65   68   70   71   71   68   60   56   51   46   43   39   38   38   36   35
   36   39   36   39   37   34   33   27   30   28   26   24   25   30   25   23
   23   23   21   20   21   21   23   26   27   29   30   31   32   33   33   33
   33   30   28   25   23   21   21   22   24   25   26   24   24   24   25   28
   32   36   40   44   48   52   57   62   65
    60.0-180.0 180.0   5.0 450.0                            LAT/LON1/LON2/DLON/H
   68   70   73   74   75   73   66   61   56   50   46   42   41   39   37   34
   34   34   33   33   31   30   31   28   29   28   28   28   28   35   32   27
   26   26   25   24   25   26   27   30   33   34   35   36   37   38   37   37
   36   33   31   29   26   25   25   28   31   35   37   37   37   38   38   40
   41   43   47   49   51   56   61   66   68
    57.5-180.0 180.0   5.0 450.0                            LAT/LON1/LON2/DLON/H
   69   71   73   76   77   77   71   67   62   56   51   47   44   42   40   36
   35   33   31   28   26   26   28   27   29   28   30   33   34   43   41   36
   31   31   31   31   32   33   36   38   40   41   43   43   43   44   43   41
   39   36   34   32   30   31   31   35   39   44   47   49   50   50   52   52
   51   52   54   55   56   60   64   67   69
    55.0-180.0 180.0   5.0 450.0                            LAT/LON1/LON2/DLON/H
   70   70   70   72   73   74   75   73   69   64   58   54   49   46   42   39
   37   34   31   26   21   19   20   21   23   23   24   30   36   45   52   46
   39   36   35   36   36   39   41   43   43   44   46   46   47   49   48   45
   43   40   38   36   35   37   39   42   44   49   52   56   57   56   61   65
   63   61   62   61   61   62   66   68   70
    52.5-180.0 180.0   5.0 450.0                            LAT/LON1/LON2/DLON/H
   74   76   76   76   77   77   78   78   74   70   64   59   54   50   46   41
   38   34   31   26   21   20   22   24   26   27   27   36   43   54   57   53
   49   46   45   46   47   49   50   52   52   52   52   53   53   54   53   50
   45   43   40   38   39   44   49   52   51   52   54   58   61   62   66   73
   74   72   71   70   68   67   69   72   74
    50.0-180.0 180.0   5.0 450.0                            LAT/LON1/LON2/DLON/H
   78   80   80   81   82   81   82   80   78   74   69   64   59   55   50   45
   41   37   32   28   24   23   25   28   30   31   33   40   49   56   59   59
   59   58   56   56   56   57   57   57   58   57   58   58   59   58   56   53
   47   44   40   38   41   51   59   61   60   57   57   59   63   65   67   75
   79   78   79   78   76   74   73   75   78
    47.5-180.0 180.0   5.0 450.0                            LAT/LON1/LON2/DLON/H
   82   85   85   85   85   84   86   83   81   78   74   68   64   59   54   48
   43   39   34   32   29   29   30   32   36   40   42   49   59   66   63   63
   66   66   65   64   64   64   63   62   62   62   61   62   63   62   60   55
   48   43   39   41   45   55   66   69   69   66   64   65   68   69   70   75
   80   81   83   83   83   83   81   80   82
    45.0-180.0 180.0   5.0 450.0                            LAT/LON1/LON2/DLON/H
   89   91   91   90   88   88   89   86   83   81   77   73   69   64   59   53
   47   42   40   38   38   39   42   44   48   53   56   62   72   74   67   66
   69   70   70   69   69   69   67   66   65   64   65   66   67   66   63   57
   49   42   41   45   49   58   65   71   73   70   67   68   71   72   73   75
   81   84   89   91   91   91   91   89   89
    42.5-180.0 180.0   5.0 450.0                            LAT/LON1/LON2/DLON/H
   96   96   95   94   93   91   92   89   86   84   81   77   73   69   64   58
   52   48   47   47   48   53   57   60   64   69   71   74   79   76   69   68
   71   73   73   73   72   72   70   69   68   67   67   68   69   68   64   58
   50   46   45   50   54   58   63   68   70   69   67   69   73   75   75   76
   81   86   91   96   98   98   99   96   96
    40.0-180.0 180.0   5.0 450.0                            LAT/LON1/LON2/DLON/H
  101  100   98   96   94   94   95   93   90   87   85   82   78   75   71   64
   58   55   54   55   60   66   71   77   81   84   84   82   81   75   71   71
   72   74   75   74   73   73   72   71   69   67   67   68   69   68   65   59
   52   49   49   54   57   58   59   64   69   70   70   71   75   77   78   78
   80   85   89   96  100  103  104  103  101
    37.5-180.0 180.0   5.0 450.0                            LAT/LON1/LON2/DLON/H
  104  101   98   96   94   95   97   96   94   92   91   88   85   82   76   71
   66   63   62   65   69   76   83   90   93   93   91   85   82   77   74   74
   75   76   75   75   74   74   73   71   69   68   68   67   67   67   64   58
   52   50   51   53   56   55   56   61   68   71   73   74   78   81   81   81
   81   84   90   95  102  105  107  106  104
    35.0-180.0 180.0   5.0 450.0                            LAT/LON1/LON2/DLON/H
  105  101   97   95   94   96   99   98   98   97   97   94   92   89   84   81
   76   71   71   73   78   86   92   97   98   98   94   90   86   80   76   77
   79   77   77   77   77   76   74   72   71   70   69   67   67   66   63   58
   53   50   49   51   52   52   50   54   62   67   72   77   82   85   85   84
   84   87   93   99  106  109  111  110  105
    32.5-180.0 180.0   5.0 450.0                            LAT/LON1/LON2/DLON/H
  109  101   96   93   93   97   99   99   99  100  102  101   99   96   93   90
   85   81   78   80   86   93   97   99  100  100   96   93   89   84   79   79
   81   79   79   80   79   77   75   74   73   72   70   68   66   64   61   56
   52   50   47   47   49   48   48   50   57   67   74   81   85   89   88   88
   89   92   99  106  113  116  119  117  109
    30.0-180.0 180.0   5.0 450.0                            LAT/LON1/LON2/DLON/H
  118  108  102   98   98  100  100  100   99  102  107  106  105  102  100   99
   94   89   86   86   90   94   96   98   99   98   95   93   87   85   82   81
   81   81   81   82   81   78   76   75   74   73   70   66   63   59   56   52
   50   52   47   46   49   50   50   52   62   71   79   86   91   93   93   94
   96  101  108  117  125  130  131  128  118
    27.5-180.0 180.0   5.0 450.0                            LAT/LON1/LON2/DLON/H
  134  122  114  111  110  110  108  103  100  103  110  110  107  105  105  104
  100   96   94   92   90   89   90   92   92   92   90   88   85   84   85   84
   84   83   84   84   83   78   75   76   76   73   69   63   58   54   50   45
   45   54   46   44   51   55   55   59   69   78   84   92   97  100  100  102
  108  113  125  134  143  150  151  147  134
    25.0-180.0 180.0   5.0 450.0                            LAT/LON1/LON2/DLON/H
  158  148  137  133  128  126  120  112  106  109  115  112  108  102  104  105
  102   99   97   93   86   80   80   82   81   82   82   83   82   86   90   90
   87   86   86   85   84   77   74   74   74   71   67   60   53   48   44   39
   35   46   43   40   49   57   59   65   74   83   90   98  103  106  108  113
  121  129  145  155  165  174  177  173  158
    22.5-180.0 180.0   5.0 450.0                            LAT/LON1/LON2/DLON/H
  197  180  169  165  155  149  142  130  124  127  129  117  107   98   99  103
  100   98   92   88   79   74   72   72   72   74   76   78   81   86   93   96
   92   88   89   86   84   75   71   70   70   67   62   56   49   44   40   36
   30   33   36   39   48   57   59   65   74   85   92   97  103  108  114  125
  137  149  168  178  188  198  205  210  197
    20.0-180.0 180.0   5.0 450.0                            LAT/LON1/LON2/DLON/H
  239  228  213  208  200  191  174  157  146  149  139  129  115  104  101  102
  101   98   89   82   75   72   70   68   69   73   77   81   84   90   99  105
   98   94   92   84   81   68   67   69   69   66   62   56   51   45   40   35
   33   33   38   47   54   59   62   67   76   88   97  102  108  116  129  144
  160  176  195  210  222  230  236  241  239
    17.5-180.0 180.0   5.0 450.0                            LAT/LON1/LON2/DLON/H
  273  268  255  250  244  234  215  194  176  173  161  143  125  110  101  100
   99   95   86   78   73   72   72   70   72   78   84   88   89   93  104  112
  103   98   93   83   80   67   64   64   64   62   58   53   48   43   40   35
   32   32   38   49   57   61   64   70   78   90   98  104  111  123  138  156
  173  191  209  224  236  244  254  267  273
    15.0-180.0 180.0   5.0 450.0                            LAT/LON1/LON2/DLON/H
  292  293  285  283  283  275  256  233  210  198  184  163  138  119  105  101
   98   93   85   78   73   74   76   78   82   89   95   96   95   98  112  114
  106   98   89   80   76   67   63   62   61   59   55   51   47   43   40   37
   32   33   39   50   59   64   67   72   80   91  100  106  115  130  147  165
  182  199  217  230  239  247  260  278  292
    12.5-180.0 180.0   5.0 450.0                            LAT/LON1/LON2/DLON/H
  294  300  297  299  306  307  292  269  245  227  209  186  157  131  112  105
  100   93   85   80   76   77   81   86   94  101  106  104  101  102  114  110
  102   93   87   77   73   67   63   60   58   56   53   49   46   43   41   39
   33   33   39   50   59   64   68   73   82   91  100  107  118  134  152  170
  186  201  217  230  236  243  256  276  294
    10.0-180.0 180.0   5.0 450.0                            LAT/LON1/LON2/DLON/H
  282  289  290  295  309  319  314  295  274  256  238  209  176  148  126  113
  104   94   86   81   79   81   87   95  107  114  114  111  106  105  113  105
   97   91   85   78   73   66   63   60   58   55   52   49   46   44   43   40
   33   32   37   47   56   62   67   74   84   93  100  109  121  137  154  170
  185  199  213  223  229  234  245  265  282
     7.5-180.0 180.0   5.0 450.0                            LAT/LON1/LON2/DLON/H
  265  270  270  277  295  313  316  303  289  278  258  231  198  168  143  125
  113  100   90   86   84   87   93  104  119  125  122  118  111  109  113  102
   95   91   86   77   73   67   64   61   58   55   52   49   48   46   45   42
   34   31   35   44   52   59   65   75   88   98  104  114  126  139  154  168
  181  196  209  217  222  225  235  251  265
     5.0-180.0 180.0   5.0 450.0                            LAT/LON1/LON2/DLON/H
  249  250  248  256  273  294  303  300  290  283  269  247  219  190  165  143
  127  113  100   95   92   94  102  115  128  131  129  123  115  113  113  104
   98   95   89   79   74   70   67   62   57   55   52   50   49   48   46   43
   34   31   33   40   48   55   64   77   91  102  108  118  130  141  152  164
  177  192  205  214  217  220  228  240  249
     2.5-180.0 180.0   5.0 450.0                            LAT/LON1/LON2/DLON/H
  241  239  234  238  253  273  284  287  282  278  271  255  234  210  187  163
  143  127  113  107  103  104  111  121  131  134  130  126  120  116  116  113
  109  104   94   82   77   73   68   63   58   53   51   50   49   49   47   43
   35   32   32   38   46   54   65   80   94  105  112  121  132  142  152  161
  173  189  204  213  218  220  227  236  241
