IONEX_files/igsg0050.10i
     1.0            IONOSPHERE MAPS     MIX                 IONEX VERSION / TYPE
cmpcmb v1.2          GRL/UWM            20-jan-10 08:08     PGM / RUN BY / DATE 
ionex file containing IGS COMBINED Ionosphere maps          COMMENT             
global ionosphere maps for day 005, 2010                    DESCRIPTION         
IONEX file containing the COMBINED IGS TEC MAPS and DCBs    DESCRIPTION         
      IONEX files of the following IAACs were combined: cod DESCRIPTION         
                                                        jpl DESCRIPTION         
                                                        upc DESCRIPTION         
Contact address: Andrzej Krankowski                         DESCRIPTION
                 Geodynamics Research Laboratory            DESCRIPTION
                 University of Warmia and Mazury (GRL/UWM)  DESCRIPTION
                 Oczapowski St. 1                           DESCRIPTION
                 10-957-Olsztyn, POLAND                     DESCRIPTION
                 e-mail:  kand@uwm.edu.pl                   DESCRIPTION
                                                            DESCRIPTION
  2010     1     5     0     0     0                        EPOCH OF FIRST MAP  
  2010     1     6     0     0     0                        EPOCH OF LAST MAP   
  7200                                                      INTERVAL            
    13                                                      # OF MAPS IN FILE   
  COSZ                                                      MAPPING FUNCTION    
     0.0                                                    ELEVATION CUTOFF    
combined TEC calculated as weighted mean of input TEC valuesOBSERVABLES USED    
   305                                                      # OF STATIONS       
    32                                                      # OF SATELLITES     
  6371.0                                                    BASE RADIUS         
     2                                                      MAP DIMENSION       
   450.0 450.0   0.0                                        HGT1 / HGT2 / DHGT  
    87.5 -87.5  -2.5                                        LAT1 / LAT2 / DLAT  
  -180.0 180.0   5.0                                        LON1 / LON2 / DLON  
    -1                                                      EXPONENT            
TEC values in 0.1 tec units;  9999, if no value available   COMMENT             
DCB values in nanoseconds, reference is Sum_of_SatDCBs = 0  COMMENT             
                                                            END OF HEADER       
[from data line 3432]
     9                                                      START OF TEC MAP    
  2010     1     5    16     0     0                        EPOCH OF CURRENT MAP
    87.5-180.0 180.0   5.0 450.0                            LAT/LON1/LON2/DLON/H
   25   25   25   25   25   26   26   26   26   26   26   26   26   26   26   26
   26   25   26   26   25   25   25   24   24   24   24   24   24   24   23   23
   23   23   23   22   22   22   22   22   22   22   22   22   21   21   21   21
   21   21   21   21   21   21   21   21   21   21   21   21   21   21   22   22
   23   23   23   23   23   24   24   24   25
    85.0-180.0 180.0   5.0 450.0                            LAT/LON1/LON2/DLON/H
   27   27   28   28   29   29   29   30   30   32   32   32   32   33   31   29
   28   28   27   26   26   26   26   26   27   27   30   29   30   32   28   29
   28   25   25   23   23   23   22   21   21   20   20   20   20   20   20   20
   20   20   20   20   20   20   20   20   21   20   20   20   20   21   21   22
   22   23   23   24   25   25   26   26   27
    82.5-180.0 180.0   5.0 450.0                            LAT/LON1/LON2/DLON/H
   28   28   28   27   27   27   25   25   26   26   28   28   28   28   28   28
   29   30   30   30   27   26   27   32   47   47   42   31   29   23   23   22
   22   20   20   19   18   17   17   18   18   19   19   18   18   17   17   18
   18   18   18   18   18   19   19   20   20   20   20   19   19   19   20   22
   23   25   25   26   26   26   27   27   28
    80.0-180.0 180.0   5.0 450.0                            LAT/LON1/LON2/DLON/H
   27   27   26   26   26   27   27   27   27   27   27   28   28   29   29   29
   31   30   30   30   28   27   28   34   28   28   27   27   26   24   24   23
   22   22   21   21   20   18   16   14   14   15   16   17   18   18   18   18
   18   19   18   18   18   19   19   19   20   20   18   15   15   15   18   22
   25   27   28   28   28   27   27   28   27
    77.5-180.0 180.0   5.0 450.0                            LAT/LON1/LON2/DLON/H
   27   27   26   26   27   28   28   27   27   27   28   28   28   28   29   29
   31   31   31   31   29   29   31   33   30   28   26   27   27   25   24   24
   24   23   23   23   21   21   20   18   17   18   18   18   19   21   21   22
   21   23   22   21   21   20   20   20   20   20   17   14   14   14   18   24
   27   28   29   29   28   29   28   28   27
    75.0-180.0 180.0   5.0 450.0                            LAT/LON1/LON2/DLON/H
   28   28   28   28   28   28   27   26   26   27   27   27   27   28   28   28
   28   31   32   32   34   37   35   36   34   34   31   30   28   27   28   27
   25   24   23   22   21   20   20   19   21   21   24   23   22   23   23   24
   24   24   24   23   23   22   21   20   20   18   17   14   14   17   21   24
   26   28   28   28   28   28   28   28   28
    72.5-180.0 180.0   5.0 450.0                            LAT/LON1/LON2/DLON/H
   30   29   28   29   28   29   27   26   26   26   26   26   26   26   26   26
   28   30   33   36   38   42   41   45   41   34   37   35   33   30   30   28
   27   26   24   23   23   23   22   20   21   22   24   24   23   23   23   24
   23   24   24   24   23   22   20   18   18   17   16   16   17   19   21   23
   24   25   26   25   26   26   27   29   30
    70.0-180.0 180.0   5.0 450.0                            LAT/LON1/LON2/DLON/H
   29   28   28   29   30   30   27   27   27   26   26   26   26   26   26   27
   28   30   34   40   42   47   49   51   47   43   40   42   40   35   34   32
   30   29   27   25   24   25   26   23   21   22   23   24   23   23   24   24
   24   23   23   22   22   20   19   17   16   17   17   19   19   22   23   22
   22   23   23   23   24   24   26   27   29
    67.5-180.0 180.0   5.0 450.0                            LAT/LON1/LON2/DLON/H
   27   27   27   28   29   29   28   27   27   26   27   27   28   27   28   29
   32   35   40   45   45   54   56   57   56   53   49   49   48   44   42   40
   37   36   33   29   27   26   26   25   21   22   24   23   23   23   24   24
   24   24   23   22   20   20   18   17   17   18   18   20   21   23   23   22
   21   21   20   21   21   22   24   26   27
    65.0-180.0 180.0   5.0 450.0                            LAT/LON1/LON2/DLON/H
   27   27   27   28   29   28   26   26   25   25   26   28   28   30   31   34
   40   43   48   54   52   61   61   63   64   62   59   59   59   55   52   48
   46   44   39   32   31   30   27   26   24   24   25   24   24   25   26   26
   26   25   24   23   21   21   21   21   21   22   22   23   24   26   25   24
   23   22   21   21   20   22   24   26   27
    62.5-180.0 180.0   5.0 450.0                            LAT/LON1/LON2/DLON/H
   29   29   30   29   28   27   25   24   23   24   25   26   28   29   33   40
   45   51   57   62   63   67   69   70   71   70   68   67   65   65   63   58
   54   50   45   36   32   32   29   28   28   28   27   27   28   29   30   30
   30   28   28   26   25   26   26   29   29   29   29   30   30   31   30   31
   30   27   25   24   24   25   26   28   29
    60.0-180.0 180.0   5.0 450.0                            LAT/LON1/LON2/DLON/H
   33   33   32   32   31   29   26   25   24   24   25   26   27   30   36   43
   51   56   63   66   69   73   75   76   78   78   74   74   75   76   72   67
   59   55   48   41   37   34   32   31   32   31   31   32   33   35   35   35
   35   33   32   31   31   34   35   38   39   38   38   38   38   38   38   40
   40   36   34   33   32   30   30   31   33
    57.5-180.0 180.0   5.0 450.0                            LAT/LON1/LON2/DLON/H
   37   37   36   37   34   32   29   28   27   26   27   27   30   34   41   47
   53   61   66   72   74   78   79   81   80   84   81   81   81   83   81   73
   64   58   52   47   42   40   38   37   37   36   37   38   39   40   40   40
   41   40   39   39   38   39   42   45   45   44   43   42   41   41   44   47
   47   46   44   41   38   35   35   36   37
    55.0-180.0 180.0   5.0 450.0                            LAT/LON1/LON2/DLON/H
   38   40   40   41   38   35   31   29   27   26   26   29   32   37   42   47
   55   62   69   74   78   79   80   81   81   85   85   86   86   86   81   73
   64   55   47   40   34   30   29   29   30   32   36   40   44   48   51   51
   47   44   41   39   37   37   39   41   43   43   42   40   39   39   41   42
   45   44   43   41   38   36   35   36   38
    52.5-180.0 180.0   5.0 450.0                            LAT/LON1/LON2/DLON/H
   41   43   46   46   44   40   36   32   30   29   30   32   37   41   46   53
   60   67   73   78   81   81   82   83   85   89   89   90   90   90   84   78
   70   63   56   50   46   43   40   39   39   40   41   44   47   50   53   53
   49   47   45   43   41   42   44   47   48   49   48   45   43   42   43   44
   46   46   45   44   41   39   38   39   41
    50.0-180.0 180.0   5.0 450.0                            LAT/LON1/LON2/DLON/H
   45   48   49   50   48   44   40   36   34   33   34   36   40   45   51   58
   65   71   77   81   84   84   86   88   91   93   94   95   94   93   87   82
   75   69   65   61   57   54   52   50   49   48   48   48   51   52   54   55
   52   51   49   48   47   48   50   53   54   54   52   50   48   45   44   44
   45   46   46   45   44   42   42   43   45
    47.5-180.0 180.0   5.0 450.0                            LAT/LON1/LON2/DLON/H
   47   50   52   52   50   46   43   41   39   38   39   42   45   49   54   62
   68   75   80   85   88   91   93   97  100  102  102  101   99   97   89   83
   79   76   74   71   70   67   63   60   57   54   53   52   54   55   55   56
   55   54   54   54   54   55   56   58   58   56   55   54   52   47   46   45
   45   45   45   45   44   43   44   45   47
    45.0-180.0 180.0   5.0 450.0                            LAT/LON1/LON2/DLON/H
   47   50   52   52   50   48   46   45   44   44   45   47   50   53   59   64
   71   78   84   91   95  101  106  110  113  115  113  109  103   97   88   84
   82   81   82   82   81   78   74   69   64   60   58   57   57   57   57   58
   58   58   58   59   59   60   60   60   58   56   55   54   52   49   48   46
   45   43   43   43   42   42   43   44   47
    42.5-180.0 180.0   5.0 450.0                            LAT/LON1/LON2/DLON/H
   47   48   50   50   49   48   47   48   49   50   52   54   56   59   63   68
   74   82   89   98  106  114  122  127  129  129  124  115  105   96   86   83
   84   87   90   92   92   89   82   76   70   65   63   62   61   61   61   61
   61   63   62   62   62   62   62   60   58   55   53   53   52   49   47   45
   44   42   42   41   40   40   42   44   47
    40.0-180.0 180.0   5.0 450.0                            LAT/LON1/LON2/DLON/H
   46   45   46   47   47   46   47   49   53   56   59   61   64   66   69   73
   79   86   96  107  118  129  138  143  145  141  132  119  104   93   84   83
   86   93   99  103  103   99   90   82   74   70   67   67   66   65   64   64
   63   63   63   61   60   60   59   58   56   53   52   51   50   48   45   43
   41   41   40   40   40   39   41   43   46
    37.5-180.0 180.0   5.0 450.0                            LAT/LON1/LON2/DLON/H
   43   42   43   42   43   43   45   49   55   61   66   69   72   74   77   80
   85   92  103  115  129  141  150  156  156  150  137  121  104   92   84   85
   91  100  108  113  113  108   98   88   79   75   72   72   71   71   69   67
   64   62   61   59   57   57   55   53   51   51   49   48   48   46   43   41
   40   39   39   39   39   38   40   41   43
    35.0-180.0 180.0   5.0 450.0                            LAT/LON1/LON2/DLON/H
   40   40   40   38   38   38   41   48   56   66   73   78   81   83   86   89
   93  100  110  123  138  150  158  162  160  153  139  121  106   95   88   92
   99  109  118  124  124  118  107   95   85   80   78   77   77   75   73   69
   64   61   58   56   54   53   52   51   49   48   47   46   46   44   42   39
   38   38   38   38   37   37   38   39   40
    32.5-180.0 180.0   5.0 450.0                            LAT/LON1/LON2/DLON/H
   39   38   37   35   35   34   37   44   54   65   76   84   88   92   94   97
  101  107  118  130  144  155  159  160  158  150  137  121  109  102  100  106
  114  123  131  136  137  130  118  104   94   88   85   84   83   80   76   71
   63   59   57   54   52   52   51   51   50   48   47   46   45   43   41   38
   37   37   38   38   38   37   37   39   39
    30.0-180.0 180.0   5.0 450.0                            LAT/LON1/LON2/DLON/H
   39   38   36   35   32   32   34   40   51   64   77   86   93   98  101  105
  109  114  123  134  147  154  154  153  150  142  131  120  114  115  120  128
  134  141  146  151  151  146  134  120  107   99   94   91   88   84   79   73
   62   60   57   55   54   53   53   53   53   50   48   46   45   43   41   40
   38   38   38   39   38   38   38   39   39
    27.5-180.0 180.0   5.0 450.0                            LAT/LON1/LON2/DLON/H
   40   39   38   35   33   31   32   37   48   61   75   86   95  102  107  111
  114  120  127  136  144  148  146  143  139  131  124  122  125  135  148  158
  162  163  165  168  169  164  152  137  123  113  104   99   94   88   82   75
   65   62   60   58   58   57   57   57   56   53   51   49   47   45   43   42
   41   41   41   41   40   39   39   39   40
    25.0-180.0 180.0   5.0 450.0                            LAT/LON1/LON2/DLON/H
   40   40   40   38   35   33   32   37   45   59   73   84   93  102  109  114
  118  123  128  134  138  138  135  131  128  123  123  130  143  163  185  194
  195  190  184  187  188  183  174  157  142  126  115  107  100   92   85   79
   70   67   65   64   64   64   63   62   59   56   54   51   49   47   46   45
   44   44   43   43   42   39   39   39   40
    22.5-180.0 180.0   5.0 450.0                            LAT/LON1/LON2/DLON/H
   38   40   40   40   37   35   34   38   45   58   71   82   91  101  110  117
  121  125  128  131  132  128  123  121  120  121  129  143  166  196  225  234
  228  217  207  207  209  204  194  176  158  141  128  116  106   96   89   82
   77   75   72   71   71   70   67   65   62   58   54   51   49   47   47   47
   47   45   44   44   42   38   37   37   38
    20.0-180.0 180.0   5.0 450.0                            LAT/LON1/LON2/DLON/H
   37   38   40   40   40   39   40   43   50   61   72   81   89   99  107  117
  122  126  127  130  129  125  121  122  126  135  146  163  185  221  253  264
  256  242  229  229  230  224  211  189  169  149  132  120  109  101   93   86
   85   82   80   78   76   75   71   67   64   60   55   50   48   47   48   49
   48   47   45   44   41   38   36   36   37
    17.5-180.0 180.0   5.0 450.0                            LAT/LON1/LON2/DLON/H
   34   35   38   40   40   41   43   47   55   65   75   83   90   99  109  121
  128  132  131  131  128  126  124  125  134  145  159  182  210  243  273  296
  280  262  246  240  237  232  219  199  182  166  148  133  118  108  102   95
   91   88   85   83   81   79   74   68   63   60   55   50   49   48   49   49
   48   47   45   44   41   37   34   34   34
    15.0-180.0 180.0   5.0 450.0                            LAT/LON1/LON2/DLON/H
   31   32   35   37   39   41   45   50   59   68   77   85   92  101  111  124
  134  138  137  135  133  133  135  137  148  161  178  204  231  257  281  302
  288  268  249  240  235  230  221  207  191  176  158  143  126  116  108  101
   94   92   89   89   86   81   73   67   62   58   54   50   48   47   47   47
   46   46   44   43   40   35   33   32   31
    12.5-180.0 180.0   5.0 450.0                            LAT/LON1/LON2/DLON/H
   30   29   30   33   37   41   45   52   61   70   79   87   95  104  114  126
  138  144  143  142  142  147  151  156  168  182  199  222  240  255  274  290
  283  265  246  237  233  228  221  211  196  181  166  150  134  122  112  103
   97   95   93   93   88   81   73   65   60   55   52   48   47   45   45   44
   43   42   42   42   39   35   33   31   30
    10.0-180.0 180.0   5.0 450.0                            LAT/LON1/LON2/DLON/H
   29   27   27   29   34   39   44   52   64   74   83   91   99  107  118  129
  140  147  150  152  156  163  169  177  192  205  217  232  239  246  263  274
  269  256  241  235  231  226  220  211  199  187  173  158  143  127  115  104
   96   95   95   92   86   79   72   64   59   55   51   47   47   44   43   41
   38   39   39   39   38   35   33   31   29
     7.5-180.0 180.0   5.0 450.0                            LAT/LON1/LON2/DLON/H
   30   27   25   27   31   37   45   54   67   78   88   96  104  112  122  132
  142  151  156  164  171  180  190  201  215  227  232  239  238  242  256  260
  256  247  239  235  231  227  221  213  205  194  182  166  149  131  116  104
   94   94   92   91   84   78   72   66   61   56   52   48   48   45   43   40
   37   36   38   38   37   35   34   32   30
     5.0-180.0 180.0   5.0 450.0                            LAT/LON1/LON2/DLON/H
   32   28   26   26   31   37   46   56   70   83   94  104  110  118  128  138
  147  157  166  178  188  200  214  228  239  242  241  242  239  244  251  250
  248  243  240  238  235  231  225  219  214  202  188  171  152  133  115  103
   93   93   91   90   85   80   76   73   67   61   56   53   52   49   47   43
   39   36   40   45   39   37   36   34   32
     2.5-180.0 180.0   5.0 450.0                            LAT/LON1/LON2/DLON/H
   36   32   29   29   32   38   48   59   73   86   99  109  117  125  135  145
  156  167  178  192  207  223  238  252  257  258  247  242  239  243  247  247
  247  246  246  245  244  239  235  228  221  209  192  173  154  135  118  104
   98   95   94   94   93   90   88   85   80   73   66   62   61   56   53   48
   43   39   43   52   46   42   40   39   36
