IONEX_files/igsg0050.10i
     1.0            IONOSPHERE MAPS     MIX                 IONEX VERSION / TYPE
cmpcmb v1.2          GRL/UWM            20-jan-10 08:08     PGM / RUN BY / DATE 
ionex file containing IGS COMBINED Ionosphere maps          COMMENT             
global ionosphere maps for day 005, 2010                    DESCRIPTION         
IONEX file containing the COMBINED IGS TEC MAPS and DCBs    DESCRIPTION         
      IONEX files of the following IAACs were combined: cod DESCRIPTION         
                                                        jpl DESCRIPTION         
                                                        upc DESCRIPTION         
Contact address: Andrzej Krankowski                         DESCRIPTION
                 Geodynamics Research Laboratory            DESCRIPTION
                 University of Warmia and Mazury (GRL/UWM)  DESCRIPTION
                 Oczapowski St. 1                           DESCRIPTION
                 10-957-Olsztyn, POLAND                     DESCRIPTION
                 e-mail:  kand@uwm.edu.pl                   DESCRIPTION
                                                            DESCRIPTION
  2010     1     5     0     0     0                        EPOCH OF FIRST MAP  
  2010     1     6     0     0     0                        EPOCH OF LAST MAP   
  7200                                                      INTERVAL            
    13                                                      # OF MAPS IN FILE   
  COSZ                                                      MAPPING FUNCTION    
     0.0                                                    ELEVATION CUTOFF    
combined TEC calculated as weighted mean of input TEC valuesOBSERVABLES USED    
   305                                                      # OF STATIONS       
    32                                                      # OF SATELLITES     
  6371.0                                                    BASE RADIUS         
     2                                                      MAP DIMENSION       
   450.0 450.0   0.0                                        HGT1 / HGT2 / DHGT  
    87.5 -87.5  -2.5                                        LAT1 / LAT2 / DLAT  
  -180.0 180.0   5.0                                        LON1 / LON2 / DLON  
    -1                                                      EXPONENT            
TEC values in 0.1 tec units;  9999, if no value available   COMMENT             
DCB values in nanoseconds, reference is Sum_of_SatDCBs = 0  COMMENT             
                                                            END OF HEADER       
[from data line 3861]
    10                                                      START OF TEC MAP    
  2010     1     5    18     0     0                        EPOCH OF CURRENT MAP
    87.5-180.0 180.0   5.0 450.0                            LAT/LON1/LON2/DLON/H
   29   29   29   29   29   29   28   28   28   28   28   28   29   29   29   29
   30   30   29   30   30   30   31   30   30   29   29   28   28   28   28   28
   28   28   27   27   27   27   27   27   27   27   27   27   27   28   28   28
   28   28   29   29   29   29   29   29   29   29   29   29   29   29   29   29
   28   29   29   29   28   28   28   28   29
    85.0-180.0 180.0   5.0 450.0                            LAT/LON1/LON2/DLON/H
   31   31   32   32   32   31   30   30   30   30   30   30   29   29   30   29
   29   30   29   29   29   30   30   28   26   26   26   26   26   26   27   27
   27   26   26   26   26   26   25   24   24   24   24   24   24   25   25   25
   25   26   27   27   28   28   28   28   28   28   28   28   28   28   28   28
   28   28   28   29   29   30   30   31   31
    82.5-180.0 180.0   5.0 450.0                            LAT/LON1/LON2/DLON/H
   33   33   33   32   32   32   30   31   31   31   32   32   32   32   31   32
   32   33   31   30   30   29   29   26   27   28   29   32   29   29   28   27
   27   26   26   26   26   26   25   25   25   24   25   24   24   24   24   25
   25   25   26   27   28   29   29   28   27   27   27   27   27   28   28   28
   28   29   29   30   30   32   33   33   33
    80.0-180.0 180.0   5.0 450.0                            LAT/LON1/LON2/DLON/H
   33   33   32   31   32   32   31   31   31   30   30   30   31   31   32   32
   33   33   34   33   31   31   29   34   37   36   31   31   29   30   29   29
   29   28   27   25   24   24   24   24   24   25   24   24   25   25   25   25
   24   25   26   27   28   29   29   28   27   27   26   26   27   27   28   29
   29   29   30   31   32   33   33   33   33
    77.5-180.0 180.0   5.0 450.0                            LAT/LON1/LON2/DLON/H
   32   32   31   31   31   31   30   29   29   29   30   30   29   29   30   34
   33   32   27   32   35   35   35   35   35   35   34   32   31   29   27   26
   25   23   23   23   23   23   21   21   22   22   23   24   24   24   25   25
   24   23   23   24   25   27   27   28   27   26   25   25   25   25   26   27
   28   29   30   31   32   33   33   33   32
    75.0-180.0 180.0   5.0 450.0                            LAT/LON1/LON2/DLON/H
   32   30   30   30   29   29   29   29   29   29   28   28   29   30   31   34
   35   37   40   39   39   38   37   38   35   34   32   32   30   29   30   27
   25   23   21   20   21   21   20   20   21   21   22   22   23   22   23   25
   23   21   20   21   23   24   24   24   24   24   23   23   22   23   24   24
   25   27   27   29   31   32   33   33   32
    72.5-180.0 180.0   5.0 450.0                            LAT/LON1/LON2/DLON/H
   30   29   28   27   27   27   28   28   28   29   29   30   31   32   34   36
   41   42   42   45   46   45   43   39   38   37   34   32   31   29   30   28
   26   24   22   20   20   20   20   20   21   22   22   22   21   21   22   23
   22   20   19   20   21   22   21   22   21   21   20   20   20   20   19   19
   21   22   24   26   28   31   32   31   30
    70.0-180.0 180.0   5.0 450.0                            LAT/LON1/LON2/DLON/H
   27   27   26   25   25   25   26   27   28   29   31   33   35   35   39   42
   44   46   49   52   55   53   50   45   44   37   38   34   33   31   32   30
   27   24   23   22   21   21   21   22   23   23   22   21   21   21   20   20
   20   19   19   20   20   22   22   20   19   19   18   18   18   17   16   16
   16   18   20   23   26   28   28   27   27
    67.5-180.0 180.0   5.0 450.0                            LAT/LON1/LON2/DLON/H
   24   24   23   24   24   25   25   27   28   30   33   37   40   42   44   48
   52   53   60   63   63   63   58   53   53   44   41   40   37   35   36   33
   31   30   27   24   24   23   22   22   24   26   24   21   21   22   21   20
   18   18   19   21   22   23   23   22   20   18   18   17   18   16   14   14
   15   16   19   21   24   25   25   24   24
    65.0-180.0 180.0   5.0 450.0                            LAT/LON1/LON2/DLON/H
   24   23   23   24   24   25   26   28   29   33   37   42   45   50   53   56
   61   63   71   72   72   73   68   64   59   54   50   48   45   43   43   38
   36   36   32   26   26   24   22   23   24   27   25   24   23   23   23   21
   20   21   23   24   25   26   26   26   25   23   21   20   20   19   17   16
   17   18   19   21   22   23   23   23   24
    62.5-180.0 180.0   5.0 450.0                            LAT/LON1/LON2/DLON/H
   25   24   25   26   26   27   28   30   34   37   42   46   52   57   61   64
   69   72   77   79   80   81   77   71   68   64   58   58   53   52   49   43
   41   38   34   27   26   26   24   23   24   26   28   27   26   26   26   25
   25   26   28   29   30   31   31   32   32   31   29   28   27   26   23   22
   22   22   22   22   23   25   24   24   25
    60.0-180.0 180.0   5.0 450.0                            LAT/LON1/LON2/DLON/H
   27   26   26   28   29   30   32   35   38   42   47   52   58   61   68   71
   74   79   82   85   87   87   82   76   73   70   67   65   61   59   53   47
   46   40   34   29   27   27   25   26   28   30   31   32   32   31   31   31
   31   33   35   36   36   37   37   38   40   41   40   40   38   35   31   29
   28   28   28   28   29   28   28   28   27
    57.5-180.0 180.0   5.0 450.0                            LAT/LON1/LON2/DLON/H
   32   31   30   31   32   34   35   40   44   47   52   58   62   66   72   76
   79   83   86   89   90   91   86   82   80   75   74   70   66   65   60   49
   47   42   38   33   31   30   31   33   35   36   38   38   37   37   38   38
   39   41   43   43   42   41   41   43   47   49   48   47   44   41   36   34
   33   35   36   35   37   37   36   34   32
    55.0-180.0 180.0   5.0 450.0                            LAT/LON1/LON2/DLON/H
   33   33   33   34   36   38   42   46   50   53   59   64   68   73   77   82
   86   90   92   93   92   91   85   80   75   73   72   70   67   66   60   53
   46   38   32   26   23   22   24   27   31   33   36   36   36   36   36   38
   42   44   46   45   42   40   39   39   41   43   42   42   41   39   36   34
   34   36   37   37   39   39   38   35   33
    52.5-180.0 180.0   5.0 450.0                            LAT/LON1/LON2/DLON/H
   35   35   36   38   41   45   48   52   56   61   66   70   75   78   82   86
   90   93   95   96   94   92   86   81   78   76   76   74   72   72   65   57
   51   43   38   33   32   32   35   37   40   43   44   45   44   44   44   45
   49   51   52   51   48   45   44   43   43   44   44   43   43   42   40   40
   40   40   40   41   42   42   41   38   35
    50.0-180.0 180.0   5.0 450.0                            LAT/LON1/LON2/DLON/H
   39   38   39   42   45   49   53   58   62   66   70   75   80   83   86   91
   93   96   96   97   95   92   88   84   82   81   81   80   79   78   70   62
   56   49   44   42   41   42   44   47   49   51   51   51   51   50   50   52
   53   55   57   56   54   53   51   48   47   46   45   45   44   44   43   42
   42   42   42   43   44   43   43   41   39
    47.5-180.0 180.0   5.0 450.0                            LAT/LON1/LON2/DLON/H
   40   40   42   45   49   54   58   63   67   71   75   79   84   87   91   94
   97   99   99   99   97   95   92   89   88   89   89   89   88   86   75   66
   60   54   51   50   50   51   54   56   57   58   57   57   57   56   55   56
   56   58   60   60   60   58   56   53   52   50   48   46   45   44   43   42
   43   43   43   43   43   42   41   42   40
    45.0-180.0 180.0   5.0 450.0                            LAT/LON1/LON2/DLON/H
   40   41   44   47   51   56   60   66   70   74   78   82   87   92   95   98
  101  102  102  102  101  100   98   97   97   99   98   97   94   90   79   71
   63   59   57   56   57   59   61   63   64   63   62   61   61   60   59   59
   58   61   62   63   63   62   60   57   55   52   49   47   45   44   42   42
   43   44   44   43   42   40   40   40   40
    42.5-180.0 180.0   5.0 450.0                            LAT/LON1/LON2/DLON/H
   38   40   44   48   53   57   62   68   73   76   81   85   90   95   99  103
  106  108  108  108  107  108  108  108  109  109  107  103   98   92   82   74
   68   64   62   62   63   66   68   69   69   68   67   66   65   63   61   61
   61   63   64   64   64   63   61   58   56   53   50   48   45   43   42   41
   43   43   44   42   41   39   39   38   38
    40.0-180.0 180.0   5.0 450.0                            LAT/LON1/LON2/DLON/H
   37   38   42   47   52   58   64   70   76   80   84   89   94   99  105  109
  112  114  115  116  116  118  118  118  118  119  115  109  101   94   86   79
   73   70   68   67   68   71   73   74   73   72   71   70   68   66   64   63
   63   64   64   63   62   59   58   57   55   53   50   48   45   43   40   40
   41   42   42   41   39   38   37   35   37
    37.5-180.0 180.0   5.0 450.0                            LAT/LON1/LON2/DLON/H
   35   37   40   45   51   58   63   70   77   84   88   93   99  104  109  114
  119  122  123  124  126  127  127  127  126  126  123  116  104   97   92   85
   82   78   75   74   73   75   76   77   77   76   75   74   72   69   66   63
   63   63   62   60   58   56   55   54   53   52   50   47   44   41   40   40
   41   41   41   40   38   37   35   33   35
    35.0-180.0 180.0   5.0 450.0                            LAT/LON1/LON2/DLON/H
   34   36   39   44   51   57   63   71   79   87   92   98  104  109  114  120
  127  130  132  134  134  135  136  136  134  131  128  121  110  105  101   97
   94   90   86   81   79   79   80   80   80   80   79   77   75   72   68   64
   62   61   59   57   54   51   51   50   50   50   49   46   44   42   40   40
   40   41   41   40   37   35   33   33   34
    32.5-180.0 180.0   5.0 450.0                            LAT/LON1/LON2/DLON/H
   34   36   39   44   50   57   63   71   81   90   97  102  108  114  120  126
  133  136  138  140  141  142  143  142  139  136  132  127  119  117  112  111
  111  107  100   92   86   82   83   83   83   83   83   81   79   75   70   67
   63   61   59   56   52   49   48   47   48   49   48   46   44   42   41   40
   40   41   40   39   38   35   34   33   34
    30.0-180.0 180.0   5.0 450.0                            LAT/LON1/LON2/DLON/H
   36   38   41   45   51   57   63   71   82   93  100  106  111  118  125  132
  137  141  143  144  144  144  145  143  140  138  135  132  129  126  128  130
  131  128  118  107   96   89   87   86   87   87   86   85   82   78   74   70
   66   65   62   57   52   48   46   47   48   49   48   47   45   44   43   42
   41   41   40   39   38   37   36   36   36
    27.5-180.0 180.0   5.0 450.0                            LAT/LON1/LON2/DLON/H
   39   41   44   49   54   59   65   73   83   94  104  109  115  121  128  133
  137  142  144  144  143  142  143  143  141  141  140  139  139  138  146  152
  156  153  141  126  109   97   92   90   90   89   87   86   84   81   78   76
   70   70   67   62   55   50   48   48   48   49   49   48   47   46   45   43
   42   40   39   39   40   39   39   38   39
    25.0-180.0 180.0   5.0 450.0                            LAT/LON1/LON2/DLON/H
   42   44   48   55   60   64   68   75   85   97  106  113  116  121  127  131
  134  139  141  140  139  139  142  143  144  147  148  149  151  154  168  176
  183  181  167  147  124  107   98   95   92   90   86   86   85   82   80   81
   76   76   73   67   59   53   50   49   48   48   49   48   47   46   45   44
   41   39   39   39   41   41   41   41   42
    22.5-180.0 180.0   5.0 450.0                            LAT/LON1/LON2/DLON/H
   44   47   53   60   66   70   73   80   87   98  109  116  118  121  125  129
  130  133  133  133  134  137  141  145  150  156  160  164  167  172  189  201
  209  206  195  170  140  117  106   99   94   90   86   85   83   82   82   85
   81   80   77   71   63   56   51   49   48   48   48   48   48   46   45   42
   40   38   37   38   41   42   42   43   44
    20.0-180.0 180.0   5.0 450.0                            LAT/LON1/LON2/DLON/H
   44   48   56   64   71   76   80   87   93  101  113  122  121  125  128  129
  128  129  131  133  137  143  149  154  163  174  179  183  185  188  198  206
  215  216  210  192  151  120  109  101   93   85   79   76   75   75   76   77
   82   80   77   71   62   55   51   47   46   47   47   47   47   45   43   40
   38   36   34   34   38   40   41   42   44
    17.5-180.0 180.0   5.0 450.0                            LAT/LON1/LON2/DLON/H
   44   49   56   66   74   80   86   92   99  108  119  126  128  131  133  133
  132  133  132  137  140  147  157  166  177  192  199  204  208  211  222  228
  238  236  225  203  163  134  120  108   98   89   82   79   76   76   77   78
   82   80   77   70   62   54   50   47   46   48   47   47   47   45   41   38
   36   34   32   32   34   37   40   42   44
    15.0-180.0 180.0   5.0 450.0                            LAT/LON1/LON2/DLON/H
   43   49   58   68   77   84   89   97  105  113  125  133  135  140  143  143
  145  146  143  146  149  156  170  180  190  205  216  220  226  235  237  242
  249  245  230  206  172  146  129  115  104   93   86   82   79   78   78   77
   80   78   74   68   61   54   51   47   47   48   47   47   46   42   39   36
   34   32   31   30   31   34   37   39   43
    12.5-180.0 180.0   5.0 450.0                            LAT/LON1/LON2/DLON/H
   42   50   59   70   80   87   93  101  110  122  131  140  146  151  157  161
  163  161  158  161  163  172  186  196  202  216  227  234  242  243  239  243
  249  244  229  204  175  152  136  122  111  101   94   86   82   80   80   78
   77   73   68   63   57   52   50   46   47   46   46   46   44   40   37   35
   33   31   30   29   29   31   34   38   42
    10.0-180.0 180.0   5.0 450.0                            LAT/LON1/LON2/DLON/H
   44   52   62   73   82   90   98  106  118  129  138  150  157  164  173  180
  183  181  178  182  184  194  203  206  212  225  238  245  249  245  238  239
  242  237  222  201  179  159  145  132  120  110  103   95   88   86   83   78
   73   67   62   56   51   48   47   45   46   46   45   44   42   39   36   33
   32   31   30   28   27   28   32   37   44
     7.5-180.0 180.0   5.0 450.0                            LAT/LON1/LON2/DLON/H
   45   55   66   76   85   94  103  112  125  137  148  162  171  182  193  199
  204  207  207  214  217  222  227  223  224  235  247  254  250  244  238  236
  235  230  219  202  183  167  156  145  131  121  111  103   96   91   84   77
   71   65   59   53   49   46   46   44   47   47   46   44   42   42   38   34
   33   32   30   28   26   27   31   37   45
     5.0-180.0 180.0   5.0 450.0                            LAT/LON1/LON2/DLON/H
   49   59   70   82   90   99  109  120  135  146  159  175  187  201  214  222
  228  236  244  251  251  254  253  247  246  249  252  256  253  249  245  240
  237  231  220  205  191  181  170  157  144  132  120  110  101   91   82   75
   72   67   61   56   52   47   48   48   49   49   49   46   44   46   44   39
   36   35   33   30   27   29   33   40   49
     2.5-180.0 180.0   5.0 450.0                            LAT/LON1/LON2/DLON/H
   54   65   77   87   95  105  116  131  145  156  168  187  201  218  233  241
  250  265  274  283  281  279  276  272  271  264  259  261  260  259  255  249
  246  237  227  215  204  195  183  169  154  140  125  113  102   91   82   79
   79   75   70   66   63   58   57   55   54   53   53   51   50   55   55   46
   43   42   39   35   32   33   37   44   54
