IONEX_files/igsg0020.10i
     1.0            IONOSPHERE MAPS     MIX                 IONEX VERSION / TYPE
cmpcmb v1.2          GRL/UWM            15-jan-10 13:43     PGM / RUN BY / DATE 
ionex file containing IGS COMBINED Ionosphere maps          COMMENT             
global ionosphere maps for day 002, 2010                    DESCRIPTION         
IONEX file containing the COMBINED IGS TEC MAPS and DCBs    DESCRIPTION         
      IONEX files of the following IAACs were combined: cod DESCRIPTION         
                                                        esa DESCRIPTION         
                                                        jpl DESCRIPTION         
                                                        upc DESCRIPTION         
Contact address: Andrzej Krankowski                         DESCRIPTION
                 Geodynamics Research Laboratory            DESCRIPTION
                 University of Warmia and Mazury (GRL/UWM)  DESCRIPTION
                 Oczapowski St. 1                           DESCRIPTION
                 10-957-Olsztyn, POLAND                     DESCRIPTION
                 e-mail:  kand@uwm.edu.pl                   DESCRIPTION
                                                            DESCRIPTION
  2010     1     2     0     0     0                        EPOCH OF FIRST MAP  
  2010     1     3     0     0     0                        EPOCH OF LAST MAP   
  7200                                                      INTERVAL            
    13                                                      # OF MAPS IN FILE   
  COSZ                                                      MAPPING FUNCTION    
     0.0                                                    ELEVATION CUTOFF    
combined TEC calculated as weighted mean of input TEC valuesOBSERVABLES USED    
   384                                                      # OF STATIONS       
    32                                                      # OF SATELLITES     
  6371.0                                                    BASE RADIUS         
     2                                                      MAP DIMENSION       
   450.0 450.0   0.0                                        HGT1 / HGT2 / DHGT  
    87.5 -87.5  -2.5                                        LAT1 / LAT2 / DLAT  
  -180.0 180.0   5.0                                        LON1 / LON2 / DLON  
    -1                                                      EXPONENT            
TEC values in 0.1 tec units;  9999, if no value available   COMMENT             
DCB values in nanoseconds, reference is Sum_of_SatDCBs = 0  COMMENT             
                                                            END OF HEADER       
[from data line 858]
     3                                                      START OF TEC MAP    
  2010     1     2     4     0     0                        EPOCH OF CURRENT MAP
    87.5-180.0 180.0   5.0 450.0                            LAT/LON1/LON2/DLON/H
   18   17   17   17   17   17   17   17   17   17   17   17   17   17   17   17
   18   18   18   18   18   18   19   19   19   19   20   20   20   20   21   21
   22   22   22   23   23   23   23   24   24   25   25   25   25   25   25   24
   25   25   24   25   25   25   25   24   24   23   22   22   22   21   20   20
   19   19   18   19   18   18   18   18   18
    85.0-180.0 180.0   5.0 450.0                            LAT/LON1/LON2/DLON/H
   16   16   17   17   17   17   17   18   18   17   18   18   17   17   17   17
   16   16   16   16   16   16   17   17   17   17   17   18   19   19   21   21
   22   24   24   25   26   27   28   29   29   29   29   30   29   29   29   29
   28   27   27   27   27   27   26   26   25   24   23   22   21   20   19   18
   17   17   17   16   16   16   16   16   16
    82.5-180.0 180.0   5.0 450.0                            LAT/LON1/LON2/DLON/H
   16   16   16   17   17   18   18   18   18   19   18   19   19   19   18   18
   17   17   16   15   15   15   14   14   14   14   14   16   17   18   19   21
   23   25   26   28   29   29   30   31   31   32   32   32   32   31   31   31
   30   29   29   28   28   27   26   26   25   24   22   21   20   19   17   17
   16   16   15   15   14   15   15   16   16
    80.0-180.0 180.0   5.0 450.0                            LAT/LON1/LON2/DLON/H
   16   16   16   17   17   18   19   20   21   21   21   21   21   21   20   20
   19   18   17   16   15   14   14   11   12   13   14   15   16   18   19   21
   23   25   27   28   30   31   32   32   33   32   32   32   32   31   31   30
   30   30   29   29   28   28   27   27   26   25   23   22   21   19   18   18
   17   16   16   15   16   16   16   16   16
    77.5-180.0 180.0   5.0 450.0                            LAT/LON1/LON2/DLON/H
   17   17   17   18   19   20   20   21   22   23   24   25   25   24   24   24
   23   21   19   18   17   16   14   13   13   14   15   14   15   17   20   22
   23   26   27   29   30   31   31   31   31   31   31   30   30   29   29   28
   28   29   29   29   29   29   29   28   28   27   26   25   24   23   22   21
   20   20   19   18   18   18   18   18   17
    75.0-180.0 180.0   5.0 450.0                            LAT/LON1/LON2/DLON/H
   20   19   19   18   18   19   20   21   22   23   24   26   27   28   28   27
   26   25   23   21   20   17   16   14   14   14   14   17   18   19   20   22
   24   26   27   28   29   29   29   29   29   28   28   27   26   26   26   25
   26   27   28   29   30   31   31   32   32   32   31   30   30   29   28   27
   27   26   25   24   23   22   22   20   20
    72.5-180.0 180.0   5.0 450.0                            LAT/LON1/LON2/DLON/H
   23   22   21   19   19   19   19   19   20   21   23   26   28   29   30   31
   30   28   27   25   22   20   18   17   16   15   15   16   18   20   21   22
   24   25   26   27   27   28   27   26   25   24   24   23   22   22   22   22
   23   25   27   30   32   34   36   37   38   38   37   37   36   36   35   35
   34   33   32   31   30   28   27   25   23
    70.0-180.0 180.0   5.0 450.0                            LAT/LON1/LON2/DLON/H
   28   25   23   21   20   19   18   18   19   19   21   23   26   29   31   33
   33   32   30   28   26   23   20   19   18   17   18   18   19   20   20   21
   23   24   24   25   25   25   25   24   22   21   20   20   19   19   19   20
   22   25   28   32   36   39   41   43   44   44   43   43   43   43   43   43
   43   42   41   39   37   35   33   30   28
    67.5-180.0 180.0   5.0 450.0                            LAT/LON1/LON2/DLON/H
   32   29   26   24   22   21   19   18   18   18   19   21   24   28   31   33
   34   33   32   30   27   24   22   21   20   19   19   20   20   20   19   19
   20   21   21   22   22   22   23   22   21   20   19   18   18   18   19   20
   23   26   31   36   40   44   47   49   50   49   49   49   48   49   49   50
   51   50   49   47   44   41   38   35   32
    65.0-180.0 180.0   5.0 450.0                            LAT/LON1/LON2/DLON/H
   36   33   30   27   25   23   21   19   17   17   17   19   21   25   28   31
   33   33   32   30   27   23   21   20   19   19   19   19   19   18   17   17
   17   18   19   19   20   21   21   22   22   20   20   19   19   19   20   22
   26   30   35   41   46   50   53   55   56   55   54   53   53   54   54   55
   56   56   55   53   50   46   43   40   36
    62.5-180.0 180.0   5.0 450.0                            LAT/LON1/LON2/DLON/H
   39   36   33   31   28   26   23   21   18   17   16   17   19   22   26   29
   31   30   29   27   23   20   18   17   17   17   17   17   18   17   16   17
   16   16   17   18   19   20   21   23   24   23   22   22   22   23   25   27
   31   36   42   48   52   56   60   61   62   61   60   59   58   58   59   60
   61   61   60   58   55   51   47   43   39
    60.0-180.0 180.0   5.0 450.0                            LAT/LON1/LON2/DLON/H
   42   39   36   35   32   30   27   24   21   18   17   16   18   21   24   27
   28   27   25   22   18   15   14   14   14   15   16   17   18   17   16   17
   16   16   16   17   18   20   22   24   26   28   28   29   29   30   32   35
   38   44   48   55   59   63   66   68   68   67   66   64   63   63   64   65
   65   65   65   62   59   55   50   46   42
    57.5-180.0 180.0   5.0 450.0                            LAT/LON1/LON2/DLON/H
   46   43   40   38   36   34   31   28   24   20   18   17   18   20   23   25
   25   24   21   17   14   13   13   13   13   14   16   18   20   20   19   19
   18   17   16   17   19   21   24   27   30   33   35   36   37   39   41   43
   48   52   57   62   65   69   72   74   74   74   72   71   69   68   69   69
   70   69   69   67   64   59   55   50   46
    55.0-180.0 180.0   5.0 450.0                            LAT/LON1/LON2/DLON/H
   50   47   44   42   40   37   35   32   28   24   21   19   19   21   23   24
   23   21   18   14   14   12   13   14   14   16   18   21   22   23   23   22
   21   20   20   20   21   24   27   31   35   38   42   44   46   48   50   53
   56   59   63   67   71   74   77   79   80   80   80   78   76   75   73   73
   74   73   72   70   67   64   59   55   50
    52.5-180.0 180.0   5.0 450.0                            LAT/LON1/LON2/DLON/H
   55   51   48   46   43   40   39   36   32   29   25   22   22   22   23   23
   22   19   15   14   13   13   14   15   16   19   22   25   26   27   27   27
   26   25   25   25   26   28   31   35   39   44   48   52   55   57   59   62
   64   65   68   71   75   78   81   84   86   87   86   85   84   81   80   78
   78   76   75   74   72   68   63   59   55
    50.0-180.0 180.0   5.0 450.0                            LAT/LON1/LON2/DLON/H
   61   57   52   49   45   43   42   40   37   34   30   27   25   25   24   24
   21   19   16   14   14   14   16   17   20   26   29   31   32   33   33   32
   32   31   30   30   31   32   35   39   44   49   54   58   61   64   66   68
   69   70   72   75   78   81   85   88   91   92   92   91   89   86   84   83
   81   80   78   77   76   74   70   65   61
    47.5-180.0 180.0   5.0 450.0                            LAT/LON1/LON2/DLON/H
   67   63   57   52   48   46   44   43   41   40   36   33   30   28   26   25
   22   20   18   17   17   18   21   26   31   35   37   39   38   40   39   38
   37   36   36   36   35   37   39   43   47   52   56   62   66   68   70   72
   74   75   77   80   83   86   89   92   95   97   97   96   93   90   87   85
   83   81   80   79   78   78   76   73   67
    45.0-180.0 180.0   5.0 450.0                            LAT/LON1/LON2/DLON/H
   74   69   62   56   51   47   46   45   46   45   42   39   35   33   30   27
   25   24   23   24   25   29   34   39   43   45   47   48   46   46   45   42
   41   41   41   40   41   42   44   46   50   54   58   64   68   71   74   77
   79   81   83   86   89   91   94   96   99  100  100   98   96   92   89   87
   84   82   81   80   80   80   80   78   74
    42.5-180.0 180.0   5.0 450.0                            LAT/LON1/LON2/DLON/H
   78   73   66   59   53   48   47   47   48   49   48   46   42   38   35   32
   30   30   32   34   38   43   49   54   57   57   57   55   52   51   48   46
   46   45   45   45   45   47   48   50   52   56   60   65   70   74   78   82
   85   88   90   92   94   96   97   99  101  102  101   99   96   93   89   87
   85   83   81   80   81   81   82   81   78
    40.0-180.0 180.0   5.0 450.0                            LAT/LON1/LON2/DLON/H
   80   76   69   62   55   50   48   48   50   52   53   52   49   45   42   38
   37   39   42   48   53   58   64   68   70   68   65   60   56   53   50   49
   48   48   47   48   49   51   52   53   56   58   62   66   72   77   83   88
   91   94   96   97   98   99  100  101  103  103  102   99   95   93   90   87
   86   83   82   81   81   81   82   82   80
    37.5-180.0 180.0   5.0 450.0                            LAT/LON1/LON2/DLON/H
   80   77   71   64   57   52   48   48   51   55   58   58   56   53   49   47
   46   49   53   61   67   73   78   80   79   75   70   63   58   55   52   51
   50   49   49   51   52   54   55   57   58   60   63   67   73   80   87   93
   97   99  100  101  101  101  101  103  104  105  104  102   98   96   93   92
   91   87   86   83   82   82   82   81   80
    35.0-180.0 180.0   5.0 450.0                            LAT/LON1/LON2/DLON/H
   80   77   73   67   60   53   49   49   51   56   60   63   62   60   57   54
   55   58   65   73   80   85   88   88   86   79   74   66   59   55   54   52
   51   49   51   52   54   57   58   58   58   60   63   67   73   82   90   96
  101  103  103  103  103  103  103  105  107  109  110  110  108  106  104  103
  101   98   95   91   88   85   84   82   80
    32.5-180.0 180.0   5.0 450.0                            LAT/LON1/LON2/DLON/H
   81   78   74   69   62   55   51   49   51   56   61   65   67   66   64   63
   63   67   74   82   89   92   93   91   88   80   74   67   59   57   56   56
   53   52   53   54   56   58   58   57   57   59   63   68   74   84   93  100
  104  105  106  106  106  107  107  110  114  118  123  125  126  125  124  123
  119  115  112  106  100   94   89   85   81
    30.0-180.0 180.0   5.0 450.0                            LAT/LON1/LON2/DLON/H
   86   81   77   72   66   59   53   50   51   54   60   65   68   70   69   69
   70   73   79   86   91   95   94   90   86   77   71   65   59   57   59   59
   57   56   56   57   57   58   57   55   55   58   62   67   74   84   94  101
  105  107  108  109  110  112  114  120  126  133  142  148  153  154  153  151
  146  142  138  129  120  109  100   93   86
    27.5-180.0 180.0   5.0 450.0                            LAT/LON1/LON2/DLON/H
   95   87   82   77   71   64   56   52   51   53   58   63   66   69   71   72
   73   77   81   85   90   92   91   86   81   72   66   62   59   60   63   64
   62   61   59   59   58   56   54   51   51   54   60   64   73   83   92   99
  105  109  110  112  115  119  124  133  142  153  165  175  185  189  188  187
  180  176  171  160  150  133  119  107   95
    25.0-180.0 180.0   5.0 450.0                            LAT/LON1/LON2/DLON/H
  108   96   89   83   77   70   61   55   53   53   56   60   63   66   70   71
   73   76   80   82   85   86   84   80   76   69   64   60   60   65   69   69
   68   65   62   59   56   54   50   46   45   49   56   61   70   80   90   98
  104  109  113  116  121  128  136  149  161  175  190  204  218  224  225  223
  216  212  206  197  186  165  146  127  108
    22.5-180.0 180.0   5.0 450.0                            LAT/LON1/LON2/DLON/H
  125  108   99   91   84   76   67   61   56   56   56   58   60   63   66   69
   71   73   76   78   80   80   78   75   71   68   63   61   62   69   75   74
   72   68   63   59   54   52   47   41   39   42   48   56   66   77   88   97
  104  110  116  122  130  138  151  166  181  197  214  230  245  251  251  250
  246  244  238  229  214  196  175  149  125
    20.0-180.0 180.0   5.0 450.0                            LAT/LON1/LON2/DLON/H
  140  121  107   99   92   83   74   67   61   58   57   57   58   60   62   64
   67   70   73   75   77   76   74   74   71   68   64   62   64   70   75   76
   74   69   64   57   52   49   43   36   34   36   43   52   63   76   87   97
  104  113  121  129  139  150  166  183  198  214  230  246  259  262  262  260
  259  258  254  247  236  220  196  169  140
    17.5-180.0 180.0   5.0 450.0                            LAT/LON1/LON2/DLON/H
  155  131  116  106   98   89   80   72   66   61   58   56   56   57   58   61
   64   67   70   72   73   74   73   74   72   69   65   63   63   68   72   73
   71   68   61   55   48   44   37   32   30   32   39   50   62   75   87   97
  106  116  127  137  150  164  183  199  213  226  237  249  258  260  259  257
  254  252  253  250  243  230  210  183  155
    15.0-180.0 180.0   5.0 450.0                            LAT/LON1/LON2/DLON/H
  166  141  124  112  103   93   83   76   70   64   60   57   55   55   56   58
   61   64   67   70   72   74   74   74   73   69   66   63   61   64   67   69
   67   62   56   50   43   38   34   30   29   31   38   49   62   75   88  100
  111  121  134  148  162  178  197  213  224  231  237  243  248  249  248  247
  243  241  242  244  240  231  215  193  166
    12.5-180.0 180.0   5.0 450.0                            LAT/LON1/LON2/DLON/H
  176  151  134  119  108   97   87   79   73   67   62   58   56   55   54   56
   58   62   65   68   72   74   74   73   72   68   66   62   59   58   60   62
   60   55   49   44   39   35   32   30   30   32   39   50   63   77   91  103
  116  129  143  158  172  188  205  219  228  230  232  233  235  235  234  233
  231  229  230  232  231  225  215  199  176
    10.0-180.0 180.0   5.0 450.0                            LAT/LON1/LON2/DLON/H
  184  163  144  128  114  102   91   82   76   70   65   60   58   57   55   55
   56   59   63   67   70   71   72   71   71   67   65   60   56   53   53   54
   53   48   43   39   36   34   33   33   32   33   41   52   65   80   93  107
  121  135  149  163  176  191  206  218  225  225  224  223  222  223  224  224
  223  222  221  221  220  218  213  202  184
     7.5-180.0 180.0   5.0 450.0                            LAT/LON1/LON2/DLON/H
  192  175  156  137  121  107   95   86   79   73   68   63   60   59   58   56
   57   60   63   66   67   67   70   70   70   66   63   59   53   49   48   48
   47   43   38   35   34   33   36   36   35   36   43   55   68   83   96  110
  124  138  151  165  178  191  203  214  219  218  217  216  216  218  222  225
  226  224  221  218  215  214  213  206  192
     5.0-180.0 180.0   5.0 450.0                            LAT/LON1/LON2/DLON/H
  202  186  166  146  128  112  100   89   82   76   70   65   63   62   61   60
   59   61   64   65   65   65   67   69   69   65   61   58   52   48   47   46
   45   40   36   32   32   34   38   40   38   39   46   58   72   85   98  111
  124  138  153  166  178  188  199  208  213  214  214  216  218  222  229  236
  239  238  232  224  220  218  217  212  202
     2.5-180.0 180.0   5.0 450.0                            LAT/LON1/LON2/DLON/H
  213  199  178  157  137  119  105   94   84   78   71   67   64   63   63   63
   62   63   64   65   65   65   66   67   68   65   61   58   53   49   48   47
   44   39   35   32   32   34   39   39   39   40   48   60   74   87   99  112
  125  138  152  164  175  185  194  202  209  214  218  223  228  235  245  255
  261  260  251  241  233  229  227  223  213
