IONEX_files/igsg0040.10i
     1.0            IONOSPHERE MAPS     MIX                 IONEX VERSION / TYPE
cmpcmb v1.2          GRL/UWM            20-jan-10 08:04     PGM / RUN BY / DATE 
ionex file containing IGS COMBINED Ionosphere maps          COMMENT             
global ionosphere maps for day 004, 2010                    DESCRIPTION         
IONEX file containing the COMBINED IGS TEC MAPS and DCBs    DESCRIPTION         
      IONEX files of the following IAACs were combined: cod DESCRIPTION         
                                                        jpl DESCRIPTION         
                                                        upc DESCRIPTION         
Contact address: Andrzej Krankowski                         DESCRIPTION
                 Geodynamics Research Laboratory            DESCRIPTION
                 University of Warmia and Mazury (GRL/UWM)  DESCRIPTION
                 Oczapowski St. 1                           DESCRIPTION
                 10-957-Olsztyn, POLAND                     DESCRIPTION
                 e-mail:  kand@uwm.edu.pl                   DESCRIPTION
                                                            DESCRIPTION
  2010     1     4     0     0     0                        EPOCH OF FIRST MAP  
  2010     1     5     0     0     0                        EPOCH OF LAST MAP   
  7200                                                      INTERVAL            
    13                                                      # OF MAPS IN FILE   
  COSZ                                                      MAPPING FUNCTION    
     0.0                                                    ELEVATION CUTOFF    
combined TEC calculated as weighted mean of input TEC valuesOBSERVABLES USED    
   306                                                      # OF STATIONS       
    32                                                      # OF SATELLITES     
  6371.0                                                    BASE RADIUS         
     2                                                      MAP DIMENSION       
   450.0 450.0   0.0                                        HGT1 / HGT2 / DHGT  
    87.5 -87.5  -2.5                                        LAT1 / LAT2 / DLAT  
  -180.0 180.0   5.0                                        LON1 / LON2 / DLON  
    -1                                                      EXPONENT            
TEC values in 0.1 tec units;  9999, if no value available   COMMENT             
DCB values in nanoseconds, reference is Sum_of_SatDCBs = 0  COMMENT             
                                                            END OF HEADER       
[from data line 3432]
     9                                                      START OF TEC MAP    
  2010     1     4    16     0     0                        EPOCH OF CURRENT MAP
    87.5-180.0 180.0   5.0 450.0                            LAT/LON1/LON2/DLON/H
   22   22   23   22   22   22   21   21   21   21   21   20   20   20   20   19
   19   18   18   18   18   18   17   17   16   16   16   17   17   17   17   18
   19   19   19   19   19   19   19   19   19   19   19   19   19   19   20   20
   20   20   20   20   20   20   21   21   21   21   21   21   21   21   22   22
   22   22   22   22   22   22   22   22   22
    85.0-180.0 180.0   5.0 450.0                            LAT/LON1/LON2/DLON/H
   25   25   25   25   25   25   25   25   25   24   24   23   23   22   22   22
   21   20   20   19   18   18   16   15   16   16   17   18   19   19   18   18
   18   18   18   18   18   18   18   18   18   18   18   18   18   19   19   19
   19   19   19   19   19   19   21   21   21   22   22   23   23   23   23   23
   23   23   23   24   24   24   24   25   25
    82.5-180.0 180.0   5.0 450.0                            LAT/LON1/LON2/DLON/H
   27   26   26   25   25   25   22   22   23   23   25   25   25   25   25   24
   23   23   21   20   20   18   16   16   18   17   19   20   19   20   20   19
   18   18   18   18   17   17   17   17   18   18   17   17   17   17   17   18
   19   19   20   20   20   20   20   21   22   23   24   24   24   24   24   24
   25   25   25   25   25   26   26   26   27
    80.0-180.0 180.0   5.0 450.0                            LAT/LON1/LON2/DLON/H
   26   25   25   24   25   25   23   23   24   24   24   25   25   25   26   26
   26   25   25   24   21   20   17   20   21   22   21   21   20   20   20   20
   19   19   19   18   18   17   16   16   16   16   17   17   18   18   19   20
   20   21   21   22   22   22   22   21   22   23   24   24   24   24   24   24
   25   25   25   25   26   26   26   26   26
    77.5-180.0 180.0   5.0 450.0                            LAT/LON1/LON2/DLON/H
   25   25   25   25   26   27   23   22   21   22   23   24   24   24   24   26
   26   26   26   24   24   23   24   26   24   21   20   21   21   22   22   22
   21   21   20   20   20   18   18   18   17   18   17   18   19   21   22   23
   24   24   24   24   23   23   22   21   21   21   22   21   22   22   23   24
   24   24   24   25   25   25   26   25   25
    75.0-180.0 180.0   5.0 450.0                            LAT/LON1/LON2/DLON/H
   26   26   26   26   26   26   21   21   21   22   22   22   23   25   26   27
   26   27   28   26   27   29   29   28   28   28   28   25   23   21   24   24
   23   23   22   21   20   20   20   20   19   20   21   20   21   22   23   24
   25   25   25   24   23   22   20   19   18   18   18   18   18   20   22   22
   22   23   22   23   23   25   25   26   26
    72.5-180.0 180.0   5.0 450.0                            LAT/LON1/LON2/DLON/H
   27   27   26   26   26   25   22   21   21   21   22   22   23   24   25   25
   28   29   29   30   33   35   36   34   37   32   33   33   32   29   28   28
   27   26   25   24   23   23   22   22   21   21   22   22   22   23   24   25
   27   26   25   23   22   21   18   17   15   14   14   16   16   19   20   20
   20   20   21   21   22   23   25   26   27
    70.0-180.0 180.0   5.0 450.0                            LAT/LON1/LON2/DLON/H
   26   26   25   26   26   26   23   22   22   23   23   22   23   23   24   26
   27   28   33   35   40   42   43   42   42   42   39   39   41   37   35   34
   33   30   29   27   26   25   25   24   21   21   21   21   20   22   24   24
   28   27   26   23   21   19   17   15   11   10   11   13   14   17   19   19
   19   19   20   19   20   21   23   25   26
    67.5-180.0 180.0   5.0 450.0                            LAT/LON1/LON2/DLON/H
   24   25   25   25   26   26   23   22   23   22   22   22   23   23   25   26
   27   31   35   38   45   49   48   51   49   50   48   47   48   46   44   41
   39   38   35   29   27   26   25   24   20   20   21   21   20   21   23   24
   28   28   27   25   21   19   16   14   12   11   11   13   13   15   18   18
   18   18   18   18   18   20   21   23   24
    65.0-180.0 180.0   5.0 450.0                            LAT/LON1/LON2/DLON/H
   25   25   26   26   26   25   22   22   22   21   21   21   22   24   27   28
   32   37   39   44   49   53   54   55   56   57   56   57   56   55   51   49
   47   44   40   32   28   28   27   24   23   22   23   22   21   22   24   25
   29   29   28   26   23   22   20   18   17   17   16   17   17   18   19   19
   19   19   19   18   18   19   22   24   25
    62.5-180.0 180.0   5.0 450.0                            LAT/LON1/LON2/DLON/H
   27   28   29   28   27   26   23   22   21   20   21   22   23   24   28   33
   38   42   48   51   54   57   59   61   62   65   63   64   63   62   59   56
   52   48   44   38   32   30   29   27   26   26   26   25   26   26   28   29
   32   31   30   29   28   28   27   27   28   27   27   27   27   26   25   25
   24   23   22   21   20   21   23   25   27
    60.0-180.0 180.0   5.0 450.0                            LAT/LON1/LON2/DLON/H
   31   32   32   32   31   29   25   23   22   22   22   24   25   28   33   38
   43   47   54   57   59   61   64   65   68   70   70   71   71   72   66   62
   56   51   46   42   37   33   32   30   30   30   29   29   30   31   32   33
   35   35   35   35   34   36   36   39   40   39   39   37   36   34   32   32
   31   30   28   26   25   25   25   28   31
    57.5-180.0 180.0   5.0 450.0                            LAT/LON1/LON2/DLON/H
   34   35   36   37   35   33   29   27   26   25   26   27   30   33   38   44
   50   53   59   63   64   66   69   71   71   75   77   77   78   77   75   69
   60   53   49   46   40   37   36   35   35   35   36   36   36   37   37   39
   41   40   42   42   42   43   44   47   49   47   45   42   41   38   38   38
   37   36   34   33   30   29   29   31   34
    55.0-180.0 180.0   5.0 450.0                            LAT/LON1/LON2/DLON/H
   34   36   38   39   38   36   34   31   29   28   29   32   35   39   43   46
   50   54   58   61   63   65   67   69   70   74   76   77   78   77   73   69
   60   51   45   40   36   33   32   33   33   34   34   35   37   38   40   40
   43   43   43   44   45   45   45   48   50   49   47   43   42   40   40   39
   37   36   33   31   30   29   30   32   34
    52.5-180.0 180.0   5.0 450.0                            LAT/LON1/LON2/DLON/H
   36   38   41   43   42   40   38   36   34   33   33   37   41   45   49   53
   57   61   65   68   69   70   71   72   73   75   79   79   80   80   76   71
   64   56   51   46   42   41   41   41   41   42   42   42   44   46   47   47
   49   49   49   50   50   51   51   54   56   56   55   49   47   44   44   43
   40   38   36   35   33   33   33   35   36
    50.0-180.0 180.0   5.0 450.0                            LAT/LON1/LON2/DLON/H
   38   40   43   45   45   44   43   41   39   38   39   42   46   50   54   59
   64   68   71   73   75   76   76   76   78   80   82   84   84   85   80   76
   69   62   56   53   50   49   49   49   50   50   50   51   53   55   55   55
   56   56   55   56   57   58   60   62   63   62   61   58   54   48   44   42
   41   39   38   38   37   37   38   39   38
    47.5-180.0 180.0   5.0 450.0                            LAT/LON1/LON2/DLON/H
   40   41   43   46   46   46   46   45   44   43   45   48   52   55   58   63
   68   73   77   80   81   83   84   83   86   88   89   91   92   91   87   82
   75   69   64   61   59   58   57   56   56   57   58   60   62   63   63   63
   62   62   62   64   65   67   67   69   68   66   64   62   58   50   44   43
   41   40   39   39   39   39   40   41   40
    45.0-180.0 180.0   5.0 450.0                            LAT/LON1/LON2/DLON/H
   40   40   43   45   47   47   48   48   48   49   51   54   57   60   64   67
   72   78   82   87   90   93   95   97   99  101  101  101  101   98   94   89
   83   78   73   70   68   67   65   64   62   62   65   68   70   71   71   71
   68   69   70   71   73   74   73   73   70   67   64   62   58   52   45   43
   41   41   40   39   39   39   40   40   40
    42.5-180.0 180.0   5.0 450.0                            LAT/LON1/LON2/DLON/H
   39   39   41   44   46   47   49   50   52   54   57   61   64   67   69   72
   78   83   90   96  102  106  110  113  115  116  113  112  109  104  100   94
   90   86   83   81   79   77   73   70   68   68   70   73   77   78   77   76
   73   74   74   74   76   77   76   75   71   67   64   61   57   51   46   43
   41   39   38   38   37   38   39   40   39
    40.0-180.0 180.0   5.0 450.0                            LAT/LON1/LON2/DLON/H
   39   38   39   41   43   45   48   51   55   60   65   69   72   74   76   79
   84   91   99  107  114  121  126  130  132  131  125  120  114  107  103   99
   96   95   94   92   91   87   81   76   73   72   74   78   82   82   80   78
   75   75   73   73   74   75   75   73   70   66   63   59   56   50   45   42
   39   38   37   36   35   35   38   39   39
    37.5-180.0 180.0   5.0 450.0                            LAT/LON1/LON2/DLON/H
   37   37   36   38   39   40   45   50   56   64   72   77   81   84   85   88
   93  100  109  118  127  134  140  145  146  143  135  127  117  109  105  103
  103  103  104  105  103   98   90   82   77   75   77   80   83   83   81   77
   74   72   70   70   70   70   71   69   66   63   60   57   53   48   44   41
   39   37   36   34   34   33   36   37   37
    35.0-180.0 180.0   5.0 450.0                            LAT/LON1/LON2/DLON/H
   36   35   34   35   35   37   41   47   56   68   78   86   90   94   96   99
  103  111  119  128  138  145  151  156  155  151  142  131  119  110  108  107
  109  112  115  118  116  109   99   89   82   79   79   82   84   84   80   75
   71   68   66   65   65   65   65   64   62   59   58   55   52   46   43   40
   38   36   35   32   31   30   33   36   36
    32.5-180.0 180.0   5.0 450.0                            LAT/LON1/LON2/DLON/H
   36   34   33   33   33   35   37   44   55   69   82   93   99  103  106  110
  114  121  129  138  146  152  157  160  159  154  143  132  120  113  112  114
  117  121  127  131  128  120  109   98   89   86   85   86   86   84   79   73
   69   65   62   61   60   61   62   61   60   57   56   54   51   46   43   40
   38   36   34   33   31   30   32   35   36
    30.0-180.0 180.0   5.0 450.0                            LAT/LON1/LON2/DLON/H
   36   35   33   33   33   34   35   41   53   68   84   96  104  110  115  120
  124  130  138  146  150  154  157  159  157  152  141  130  122  118  120  124
  128  134  139  144  141  133  122  110  101   97   94   92   91   86   80   73
   68   64   62   60   60   60   60   60   59   57   55   53   50   47   43   41
   39   38   36   35   33   32   34   36   36
    27.5-180.0 180.0   5.0 450.0                            LAT/LON1/LON2/DLON/H
   38   36   35   34   33   33   33   39   51   67   83   96  106  115  122  127
  131  138  144  149  150  149  149  151  149  144  136  129  127  129  135  141
  144  148  154  158  155  148  137  126  117  112  106  101   96   91   84   77
   71   67   63   62   62   62   62   61   58   56   54   52   51   48   44   42
   41   41   40   38   36   35   36   37   38
    25.0-180.0 180.0   5.0 450.0                            LAT/LON1/LON2/DLON/H
   38   37   38   37   36   34   34   39   50   66   82   95  104  114  124  130
  135  141  146  149  146  143  140  139  138  136  133  132  137  146  158  164
  165  166  168  173  172  162  155  143  135  129  120  113  106   98   91   86
   78   75   70   67   68   67   66   63   58   54   53   51   50   46   44   42
   42   43   45   43   40   38   38   38   38
    22.5-180.0 180.0   5.0 450.0                            LAT/LON1/LON2/DLON/H
   37   38   40   40   39   37   37   41   51   67   81   93  102  111  121  130
  137  143  147  147  143  135  129  128  129  132  135  141  152  170  187  192
  190  186  185  189  188  179  173  162  153  146  135  127  117  108  100   95
   89   84   79   76   74   72   69   64   58   54   51   49   48   44   42   42
   43   44   48   48   44   41   39   38   37
    20.0-180.0 180.0   5.0 450.0                            LAT/LON1/LON2/DLON/H
   38   38   42   43   43   42   42   46   54   67   79   90   97  105  113  122
  131  145  144  146  145  138  132  133  139  148  151  152  163  189  216  226
  223  213  206  212  211  200  190  172  160  145  130  123  115  107  101   95
   99   96   90   84   80   76   73   66   61   55   52   49   47   44   42   41
   42   43   48   50   47   43   40   39   38
    17.5-180.0 180.0   5.0 450.0                            LAT/LON1/LON2/DLON/H
   37   38   42   44   44   44   46   51   59   71   83   92   99  106  113  127
  136  157  153  151  150  143  136  135  144  155  160  168  184  215  244  260
  254  241  232  232  226  215  202  185  174  162  145  134  124  115  109  105
  108  105   99   93   87   82   76   68   63   57   52   49   48   45   41   40
   41   43   47   49   47   43   40   38   37
    15.0-180.0 180.0   5.0 450.0                            LAT/LON1/LON2/DLON/H
   36   38   42   45   45   45   47   54   65   75   86   95  101  109  117  131
  145  162  162  159  157  154  149  146  156  165  174  190  208  232  259  279
  269  255  247  240  229  220  209  197  186  174  159  146  131  122  116  113
  115  113  107  101   94   87   80   72   65   57   53   51   49   45   42   40
   40   42   45   47   45   42   40   37   36
    12.5-180.0 180.0   5.0 450.0                            LAT/LON1/LON2/DLON/H
   36   37   39   43   45   46   47   56   68   78   88   98  104  113  122  134
  148  162  167  168  167  170  165  163  170  179  193  212  227  246  270  283
  274  259  249  240  230  221  214  209  195  182  170  154  139  128  122  119
  118  117  112  105   98   91   84   76   66   58   54   53   52   47   43   40
   39   40   43   44   43   41   38   36   36
    10.0-180.0 180.0   5.0 450.0                            LAT/LON1/LON2/DLON/H
   35   35   37   40   43   44   48   57   71   82   92  101  110  118  128  137
  150  161  168  174  177  183  178  179  186  196  210  225  237  253  272  277
  268  253  244  237  229  224  220  214  204  191  177  162  148  134  127  122
  117  115  111  105   97   91   86   76   68   60   57   56   55   52   47   42
   40   39   40   40   40   39   37   36   35
     7.5-180.0 180.0   5.0 450.0                            LAT/LON1/LON2/DLON/H
   36   36   35   37   40   43   49   59   73   86   98  107  115  124  133  141
  151  163  171  180  185  192  192  198  206  211  222  233  241  256  269  268
  258  248  243  238  233  229  225  221  210  200  187  171  155  140  129  120
  110  108  106  101   93   88   85   77   69   64   62   62   62   58   54   49
   43   39   37   36   36   37   37   36   36
     5.0-180.0 180.0   5.0 450.0                            LAT/LON1/LON2/DLON/H
   39   37   36   36   39   43   51   60   74   89  102  113  120  129  140  148
  156  168  177  189  196  207  211  222  223  224  229  237  243  257  267  264
  257  251  249  245  240  237  234  229  222  209  196  179  160  143  127  116
  105  105  102   98   91   87   84   79   75   70   69   70   71   67   63   59
   51   43   38   35   35   37   38   39   39
     2.5-180.0 180.0   5.0 450.0                            LAT/LON1/LON2/DLON/H
   43   41   39   39   40   44   54   63   77   91  106  118  128  136  146  157
  166  177  187  200  210  225  235  243  242  241  238  240  246  256  265  266
  264  261  261  257  254  248  245  237  229  219  203  184  163  145  131  115
  106  104  102   98   95   90   86   83   83   78   78   79   81   76   73   69
   62   52   44   38   38   40   42   44   43
