IONEX_files/igsg0030.10i
     1.0            IONOSPHERE MAPS     MIX                 IONEX VERSION / TYPE
cmpcmb v1.2          GRL/UWM            20-jan-10 08:00     PGM / RUN BY / DATE 
ionex file containing IGS COMBINED Ionosphere maps          COMMENT             
global ionosphere maps for day 003, 2010                    DESCRIPTION         
IONEX file containing the COMBINED IGS TEC MAPS and DCBs    DESCRIPTION         
      IONEX files of the following IAACs were combined: cod DESCRIPTION         
                                                        jpl DESCRIPTION         
                                                        upc DESCRIPTION         
Contact address: Andrzej Krankowski                         DESCRIPTION
                 Geodynamics Research Laboratory            DESCRIPTION
                 University of Warmia and Mazury (GRL/UWM)  DESCRIPTION
                 Oczapowski St. 1                           DESCRIPTION
                 10-957-Olsztyn, POLAND                     DESCRIPTION
                 e-mail:  kand@uwm.edu.pl                   DESCRIPTION
                                                            DESCRIPTION
  2010     1     3     0     0     0                        EPOCH OF FIRST MAP  
  2010     1     4     0     0     0                        EPOCH OF LAST MAP   
  7200                                                      INTERVAL            
    13                                                      # OF MAPS IN FILE   
  COSZ                                                      MAPPING FUNCTION    
     0.0                                                    ELEVATION CUTOFF    
combined TEC calculated as weighted mean of input TEC valuesOBSERVABLES USED    
   305                                                      # OF STATIONS       
    32                                                      # OF SATELLITES     
  6371.0                                                    BASE RADIUS         
     2                                                      MAP DIMENSION       
   450.0 450.0   0.0                                        HGT1 / HGT2 / DHGT  
    87.5 -87.5  -2.5                                        LAT1 / LAT2 / DLAT  
  -180.0 180.0   5.0                                        LON1 / LON2 / DLON  
    -1                                                      EXPONENT            
TEC values in 0.1 tec units;  9999, if no value available   COMMENT             
DCB values in nanoseconds, reference is Sum_of_SatDCBs = 0  COMMENT             
                                                            END OF HEADER       
[from data line 1287]
     4                                                      START OF TEC MAP    
  2010     1     3     6     0     0                        EPOCH OF CURRENT MAP
    87.5-180.0 180.0   5.0 450.0                            LAT/LON1/LON2/DLON/H
   28   28   29   29   29   29   28   28   28   28   28   28   27   27   27   27
   26   26   26   26   26   26   27   27   27   27   28   28   28   28   29   29
   30   30   30   30   30   30   30   30   30   30   30   30   29   29   29   29
   29   29   29   29   29   29   29   29   28   28   28   28   29   28   28   28
   28   28   28   28   28   28   28   28   28
    85.0-180.0 180.0   5.0 450.0                            LAT/LON1/LON2/DLON/H
   27   28   28   28   28   29   29   28   28   27   27   28   26   26   26   26
   26   25   26   26   25   25   24   23   24   25   25   26   26   26   29   29
   30   30   30   31   30   30   30   30   30   29   29   28   28   28   27   27
   27   27   26   26   26   27   27   27   27   27   27   27   27   26   26   26
   27   27   27   27   27   27   27   27   27
    82.5-180.0 180.0   5.0 450.0                            LAT/LON1/LON2/DLON/H
   26   27   27   27   27   27   28   28   26   26   24   24   23   23   23   23
   23   23   23   23   23   23   19   19   22   22   24   25   25   26   29   29
   30   30   30   31   31   30   30   30   30   29   28   28   27   27   26   25
   25   24   24   24   24   25   25   26   27   27   27   27   27   27   26   27
   26   27   27   27   28   27   27   27   26
    80.0-180.0 180.0   5.0 450.0                            LAT/LON1/LON2/DLON/H
   26   25   26   26   27   27   26   26   25   24   24   23   22   22   22   22
   22   23   23   22   21   22   18   22   23   25   25   26   27   27   30   30
   31   31   31   31   31   31   31   30   30   29   28   27   26   25   25   25
   24   24   24   23   24   24   26   26   27   28   28   27   27   27   26   26
   26   26   26   26   26   26   26   26   26
    77.5-180.0 180.0   5.0 450.0                            LAT/LON1/LON2/DLON/H
   24   25   25   26   27   28   26   27   26   25   25   23   22   20   21   20
   20   20   20   20   21   21   21   22   24   23   23   24   25   27   31   31
   31   31   31   31   31   30   29   29   28   27   26   26   25   25   24   25
   24   25   25   25   26   27   27   29   29   29   29   29   28   27   26   25
   24   24   24   24   24   24   24   24   24
    75.0-180.0 180.0   5.0 450.0                            LAT/LON1/LON2/DLON/H
   23   24   25   26   27   27   27   27   27   26   25   23   22   22   22   20
   22   21   21   21   22   22   22   22   24   25   24   24   24   26   30   30
   31   30   30   29   29   29   27   27   25   25   25   25   25   25   25   26
   27   28   28   29   31   32   33   34   35   35   34   33   31   28   27   25
   24   23   22   22   22   22   22   23   23
    72.5-180.0 180.0   5.0 450.0                            LAT/LON1/LON2/DLON/H
   23   24   24   25   26   27   26   28   28   26   26   25   24   21   21   21
   20   22   22   22   23   22   23   23   25   25   25   25   25   26   30   31
   31   30   29   28   26   25   24   24   23   24   24   24   25   26   27   29
   30   33   34   36   37   40   41   43   43   42   42   40   37   34   30   28
   26   23   23   22   22   22   22   23   23
    70.0-180.0 180.0   5.0 450.0                            LAT/LON1/LON2/DLON/H
   23   23   24   25   26   26   27   27   27   26   26   25   24   23   24   23
   24   26   26   24   23   23   23   24   25   26   25   25   27   28   30   30
   29   28   27   26   24   23   22   21   21   22   23   24   26   27   31   33
   35   38   41   45   47   49   51   52   53   52   50   48   44   39   35   31
   28   26   25   24   24   23   24   23   23
    67.5-180.0 180.0   5.0 450.0                            LAT/LON1/LON2/DLON/H
   24   24   24   25   26   26   25   25   25   25   26   27   25   25   27   25
   27   29   28   26   25   25   25   25   26   26   27   27   28   29   28   28
   28   26   25   24   23   22   22   21   22   23   24   26   28   31   34   38
   41   45   49   52   56   59   60   61   61   60   59   56   50   44   39   34
   31   28   27   26   25   25   25   24   24
    65.0-180.0 180.0   5.0 450.0                            LAT/LON1/LON2/DLON/H
   25   24   25   26   26   27   23   23   23   24   26   26   26   27   27   26
   29   29   29   29   28   29   27   26   28   28   30   31   29   32   26   26
   25   25   24   24   23   23   22   23   24   26   26   28   31   34   40   44
   48   52   56   60   63   66   67   68   68   67   64   61   55   50   43   38
   33   30   28   28   27   27   27   26   25
    62.5-180.0 180.0   5.0 450.0                            LAT/LON1/LON2/DLON/H
   27   26   27   27   27   28   24   23   23   23   24   24   26   28   27   28
   29   30   30   30   29   31   29   29   30   31   31   31   29   30   24   23
   23   24   25   25   25   24   24   25   26   27   28   31   36   41   46   50
   55   59   63   66   69   71   72   73   73   72   69   65   61   55   49   43
   37   33   30   30   29   29   29   28   27
    60.0-180.0 180.0   5.0 450.0                            LAT/LON1/LON2/DLON/H
   29   29   29   30   30   31   27   25   23   22   22   23   25   26   27   29
   29   30   30   29   31   31   30   31   31   30   31   31   29   29   22   21
   22   25   27   27   28   28   27   26   28   30   32   38   43   49   54   59
   63   66   69   72   74   77   79   79   79   79   76   73   68   63   55   47
   40   35   32   32   32   31   30   30   29
    57.5-180.0 180.0   5.0 450.0                            LAT/LON1/LON2/DLON/H
   32   32   33   34   35   35   29   28   25   24   23   22   23   24   26   28
   28   28   28   29   30   31   31   31   31   29   31   31   28   27   22   22
   23   27   29   30   32   32   32   33   34   35   40   45   53   58   63   68
   70   73   76   79   82   84   85   86   87   86   84   82   77   70   62   52
   45   39   36   35   35   34   33   33   32
    55.0-180.0 180.0   5.0 450.0                            LAT/LON1/LON2/DLON/H
   32   32   33   35   36   35   33   31   26   23   20   19   19   21   22   23
   24   24   24   24   25   26   27   27   28   28   28   26   23   21   18   17
   18   22   25   28   29   30   31   32   33   36   42   47   55   62   68   72
   76   79   82   83   85   87   88   90   89   88   85   81   76   69   62   54
   47   44   41   40   37   36   34   33   32
    52.5-180.0 180.0   5.0 450.0                            LAT/LON1/LON2/DLON/H
   35   34   36   39   41   42   40   37   32   28   24   23   22   21   21   21
   21   21   21   21   21   23   25   26   27   29   29   28   26   24   20   19
   20   24   29   33   36   38   40   40   42   45   50   56   63   69   75   78
   83   86   89   91   93   95   97   97   96   94   90   86   82   77   69   62
   55   52   48   45   43   41   39   36   35
    50.0-180.0 180.0   5.0 450.0                            LAT/LON1/LON2/DLON/H
   39   38   39   42   46   47   47   44   39   34   29   27   25   23   22   21
   20   20   19   20   21   23   27   28   30   33   33   32   31   30   26   24
   25   29   33   37   41   44   46   47   49   52   57   62   67   73   78   82
   87   92   95   98  101  103  104  104  102  100   95   91   86   81   75   69
   63   59   56   52   49   46   44   41   39
    47.5-180.0 180.0   5.0 450.0                            LAT/LON1/LON2/DLON/H
   45   43   42   45   50   52   54   51   47   42   37   33   30   27   24   22
   21   21   22   23   26   29   34   37   39   41   41   40   39   37   32   31
   30   33   37   42   46   49   50   52   55   59   62   67   72   77   80   85
   91   97  100  104  108  110  111  110  108  105  101   95   90   84   80   75
   70   66   63   59   55   52   49   47   45
    45.0-180.0 180.0   5.0 450.0                            LAT/LON1/LON2/DLON/H
   49   46   45   48   52   56   57   56   54   49   45   41   37   33   29   26
   25   26   27   31   36   41   46   50   51   52   50   47   44   41   37   35
   34   37   41   45   49   52   55   57   61   65   69   73   77   81   84   89
   96  101  106  110  113  115  115  114  112  109  103   96   92   88   83   79
   76   72   69   66   61   57   54   51   49
    42.5-180.0 180.0   5.0 450.0                            LAT/LON1/LON2/DLON/H
   51   48   47   48   53   57   59   59   59   56   53   49   45   41   36   33
   32   36   38   43   49   55   61   64   65   63   58   53   49   42   41   39
   38   39   43   48   51   55   59   62   67   72   77   80   82   85   89   93
  100  105  110  114  117  118  117  116  112  108  103   97   93   89   86   82
   79   76   72   68   66   62   59   55   51
    40.0-180.0 180.0   5.0 450.0                            LAT/LON1/LON2/DLON/H
   54   50   47   47   50   56   60   61   62   62   60   57   54   50   46   43
   43   46   50   57   63   71   76   78   77   72   64   59   52   44   43   42
   41   43   46   50   54   58   62   67   73   78   83   86   88   91   93   97
  102  107  112  115  118  119  118  116  113  108  103   98   95   92   89   85
   81   77   73   69   67   65   62   58   54
    37.5-180.0 180.0   5.0 450.0                            LAT/LON1/LON2/DLON/H
   55   50   46   44   45   53   58   61   63   65   66   66   64   60   56   53
   54   58   63   70   77   83   88   90   86   78   69   62   55   48   47   47
   46   47   50   53   57   61   66   71   78   85   90   93   94   96   98  100
  103  108  112  116  118  119  119  117  114  111  107  104  101   98   94   90
   85   79   75   70   68   66   63   59   55
    35.0-180.0 180.0   5.0 450.0                            LAT/LON1/LON2/DLON/H
   54   49   45   42   41   48   55   59   62   65   69   72   72   69   66   64
   64   68   74   80   87   93   97   97   92   80   71   63   56   52   51   51
   51   51   54   57   60   63   68   74   82   90   95   99  100  100  102  103
  105  109  113  116  118  121  121  120  119  117  115  113  112  110  105  101
   94   86   80   73   70   67   62   58   54
    32.5-180.0 180.0   5.0 450.0                            LAT/LON1/LON2/DLON/H
   54   50   46   42   41   45   51   56   60   64   69   75   78   76   75   73
   72   76   81   87   93   98  101   99   92   82   71   64   58   56   55   54
   54   55   58   60   62   64   68   76   86   94  100  104  104  105  106  106
  108  112  115  118  121  125  126  128  130  131  131  131  131  130  126  120
  111  101   91   82   77   71   65   59   54
    30.0-180.0 180.0   5.0 450.0                            LAT/LON1/LON2/DLON/H
   57   53   48   44   42   45   49   52   57   61   68   75   80   81   80   79
   78   80   84   88   93   97   98   95   89   80   70   64   60   59   58   58
   57   57   60   62   63   63   67   75   86   95  102  106  107  109  110  111
  114  117  121  125  128  132  136  142  148  153  156  158  160  157  155  150
  139  126  111   99   89   79   71   64   57
    27.5-180.0 180.0   5.0 450.0                            LAT/LON1/LON2/DLON/H
   64   58   53   48   46   47   48   50   54   58   64   72   77   79   80   79
   78   80   83   86   89   91   91   87   82   74   65   61   61   61   61   60
   59   58   61   62   62   61   65   73   84   94   98  106  110  113  116  119
  124  127  131  135  139  145  152  164  174  183  189  193  196  195  189  186
  173  157  139  124  108   94   82   72   64
    25.0-180.0 180.0   5.0 450.0                            LAT/LON1/LON2/DLON/H
   71   65   59   54   50   50   49   49   51   54   59   67   73   75   76   75
   74   75   77   80   83   83   82   78   72   65   59   58   62   63   63   61
   59   59   60   60   59   59   63   71   83   91   96  107  114  119  125  130
  136  141  146  151  155  164  172  189  205  217  227  234  236  234  227  226
  212  195  174  154  132  114   97   83   71
    22.5-180.0 180.0   5.0 450.0                            LAT/LON1/LON2/DLON/H
   80   72   65   60   56   54   53   51   49   51   55   60   66   70   70   69
   68   69   70   73   75   75   75   71   65   59   56   58   61   64   63   60
   58   57   57   55   56   57   61   69   80   90   98  108  118  127  136  143
  152  158  164  170  175  184  195  214  234  250  263  270  271  269  261  258
  249  233  212  190  162  140  116   96   80
    20.0-180.0 180.0   5.0 450.0                            LAT/LON1/LON2/DLON/H
   94   79   68   61   58   57   61   57   54   55   57   61   65   69   70   70
   69   69   70   73   75   76   76   73   69   63   62   63   64   64   67   64
   62   59   57   57   61   64   66   72   82   97  109  122  134  148  161  170
  165  171  177  184  191  199  211  228  248  264  275  281  282  283  281  278
  272  261  247  227  201  172  142  115   94
    17.5-180.0 180.0   5.0 450.0                            LAT/LON1/LON2/DLON/H
  109   90   75   66   61   59   65   62   57   56   57   60   64   68   70   70
   67   68   69   71   73   75   75   74   70   66   66   65   64   64   65   63
   61   57   53   53   57   61   65   72   82   97  110  125  141  157  172  183
  183  190  195  201  206  212  221  236  254  269  278  282  282  282  281  279
  274  267  258  244  222  194  163  134  109
    15.0-180.0 180.0   5.0 450.0                            LAT/LON1/LON2/DLON/H
  125  101   83   70   63   61   66   64   60   55   55   59   63   66   68   69
   66   67   69   71   74   75   75   76   73   71   71   69   64   62   61   59
   57   52   50   50   53   59   65   75   88  100  114  130  149  166  182  195
  198  205  210  214  217  219  224  236  251  264  271  273  272  271  270  268
  264  259  254  244  230  207  180  152  125
    12.5-180.0 180.0   5.0 450.0                            LAT/LON1/LON2/DLON/H
  139  114   91   75   65   62   62   62   60   55   54   57   62   63   63   63
   64   65   67   72   75   77   76   75   75   72   70   67   62   58   55   53
   52   50   47   48   51   58   68   80   95  107  121  137  157  174  191  204
  207  214  219  222  222  220  221  229  242  251  257  258  257  256  255  251
  247  243  240  237  228  213  191  166  139
    10.0-180.0 180.0   5.0 450.0                            LAT/LON1/LON2/DLON/H
  150  125  100   81   69   63   60   59   59   56   55   57   61   61   58   58
   62   62   65   72   75   76   75   74   73   69   67   64   58   52   49   48
   48   47   46   47   52   60   73   87  102  114  129  145  163  181  196  206
  209  217  222  224  222  218  217  222  231  240  244  245  244  245  244  239
  233  227  225  224  221  213  196  176  150
     7.5-180.0 180.0   5.0 450.0                            LAT/LON1/LON2/DLON/H
  160  134  109   88   74   65   59   57   58   58   58   59   61   61   58   58
   60   63   65   72   75   75   74   72   71   67   64   60   55   49   46   46
   47   48   47   48   56   66   80   94  108  122  137  151  167  182  195  205
  206  215  221  223  221  216  215  219  225  232  236  238  240  243  243  239
  230  221  216  216  215  210  200  183  160
     5.0-180.0 180.0   5.0 450.0                            LAT/LON1/LON2/DLON/H
  169  144  118   96   79   69   59   57   57   59   60   61   62   63   63   63
   63   65   67   72   75   76   75   73   72   68   63   59   55   51   48   48
   51   51   51   54   61   74   89  100  113  127  141  154  169  180  192  200
  200  210  216  221  221  218  218  220  225  232  236  240  246  253  256  253
  241  228  220  216  215  211  203  189  169
     2.5-180.0 180.0   5.0 450.0                            LAT/LON1/LON2/DLON/H
  175  152  126  103   87   74   63   58   58   59   61   62   63   65   70   71
   67   69   71   74   77   78   78   77   75   69   63   61   56   56   54   54
   55   54   55   58   66   78   93  105  117  129  140  153  166  176  186  195
  194  204  213  219  223  223  224  225  231  238  245  252  262  274  281  279
  266  249  236  228  223  216  208  195  175
