IONEX_files/igsg0040.10i
     1.0            IONOSPHERE MAPS     MIX                 IONEX VERSION / TYPE
cmpcmb v1.2          GRL/UWM            20-jan-10 08:04     PGM / RUN BY / DATE 
ionex file containing IGS COMBINED Ionosphere maps          COMMENT             
global ionosphere maps for day 004, 2010                    DESCRIPTION         
IONEX file containing the COMBINED IGS TEC MAPS and DCBs    DESCRIPTION         
      IONEX files of the following IAACs were combined: cod DESCRIPTION         
                                                        jpl DESCRIPTION         
                                                        upc DESCRIPTION         
Contact address: Andrzej Krankowski                         DESCRIPTION
                 Geodynamics Research Laboratory            DESCRIPTION
                 University of Warmia and Mazury (GRL/UWM)  DESCRIPTION
                 Oczapowski St. 1                           DESCRIPTION
                 10-957-Olsztyn, POLAND                     DESCRIPTION
                 e-mail:  kand@uwm.edu.pl                   DESCRIPTION
                                                            DESCRIPTION
  2010     1     4     0     0     0                        EPOCH OF FIRST MAP  
  2010     1     5     0     0     0                        EPOCH OF LAST MAP   
  7200                                                      INTERVAL            
    13                                                      # OF MAPS IN FILE   
  COSZ                                                      MAPPING FUNCTION    
     0.0                                                    ELEVATION CUTOFF    
combined TEC calculated as weighted mean of input TEC valuesOBSERVABLES USED    
   306                                                      # OF STATIONS       
    32                                                      # OF SATELLITES     
  6371.0                                                    BASE RADIUS         
     2                                                      MAP DIMENSION       
   450.0 450.0   0.0                                        HGT1 / HGT2 / DHGT  
    87.5 -87.5  -2.5                                        LAT1 / LAT2 / DLAT  
  -180.0 180.0   5.0                                        LON1 / LON2 / DLON  
    -1                                                      EXPONENT            
TEC values in 0.1 tec units;  9999, if no value available   COMMENT             
DCB values in nanoseconds, reference is Sum_of_SatDCBs = 0  COMMENT             
                                                            END OF HEADER       
[from data line 4290]
    11                                                      START OF TEC MAP    
  2010     1     4    20     0     0                        EPOCH OF CURRENT MAP
    87.5-180.0 180.0   5.0 450.0                            LAT/LON1/LON2/DLON/H
   25   26   26   26   27   27   28   28   28   28   28   27   28   28   27   27
   27   26   26   25   25   25   25   24   24   24   24   24   24   23   24   24
   24   23   23   23   23   23   23   22   23   22   22   22   22   22   22   23
   23   22   22   22   22   22   22   22   22   22   22   22   22   22   23   23
   23   23   24   24   24   24   25   26   25
    85.0-180.0 180.0   5.0 450.0                            LAT/LON1/LON2/DLON/H
   26   26   27   27   28   28   30   30   30   30   30   30   29   29   28   28
   27   26   25   25   24   23   23   22   21   20   19   19   18   18   20   20
   20   21   21   21   22   22   22   22   22   22   22   21   21   21   21   21
   20   20   20   19   19   18   18   19   19   19   19   19   20   20   20   22
   22   23   23   24   24   24   25   25   26
    82.5-180.0 180.0   5.0 450.0                            LAT/LON1/LON2/DLON/H
   24   25   26   26   28   29   30   31   32   32   32   32   32   32   32   31
   29   27   25   23   22   20   20   18   16   15   15   15   16   15   17   17
   17   18   17   18   18   19   19   20   20   20   20   20   20   21   21   21
   20   20   19   18   17   16   16   16   16   17   17   18   18   18   19   20
   20   21   21   21   21   22   23   23   24
    80.0-180.0 180.0   5.0 450.0                            LAT/LON1/LON2/DLON/H
   21   22   23   25   26   28   29   31   32   32   32   32   32   31   30   29
   27   25   24   23   22   21   19   14   15   17   16   16   16   16   16   16
   17   18   19   19   20   20   20   20   19   19   19   19   19   19   19   20
   18   19   19   18   17   16   15   15   15   15   15   16   16   16   17   17
   17   17   18   18   19   20   20   21   21
    77.5-180.0 180.0   5.0 450.0                            LAT/LON1/LON2/DLON/H
   19   20   22   24   26   29   28   30   31   32   33   34   35   36   35   34
   32   29   27   24   22   18   18   24   16   18   17   16   17   17   17   17
   17   18   19   19   19   19   19   19   19   18   18   18   18   18   18   17
   16   16   17   17   17   16   15   15   14   14   13   14   14   14   14   14
   14   15   15   15   16   17   17   18   19
    75.0-180.0 180.0   5.0 450.0                            LAT/LON1/LON2/DLON/H
   18   20   22   24   26   28   28   29   31   33   35   37   38   39   39   38
   36   33   31   27   22   22   20   25   25   20   19   20   19   19   18   19
   19   18   18   18   18   18   18   17   17   17   17   18   18   18   17   17
   15   15   14   15   16   16   15   15   14   14   13   13   13   13   13   13
   13   13   13   13   15   15   16   17   18
    72.5-180.0 180.0   5.0 450.0                            LAT/LON1/LON2/DLON/H
   19   21   23   24   26   28   28   31   33   35   36   38   42   41   42   41
   42   40   34   30   29   26   23   23   32   22   21   21   21   19   18   18
   20   20   19   18   18   19   18   17   17   16   16   16   17   16   16   17
   15   15   16   16   17   17   16   15   14   14   13   13   12   12   11   11
   10   11   11   12   13   14   15   17   19
    70.0-180.0 180.0   5.0 450.0                            LAT/LON1/LON2/DLON/H
   21   23   25   27   29   30   31   34   35   37   39   42   44   44   48   49
   48   45   40   38   34   32   29   26   26   26   21   21   23   20   20   20
   19   20   20   19   19   20   19   18   17   17   16   16   16   16   15   17
   15   17   18   19   19   18   17   16   15   14   14   14   13   12   11   11
   10   10   11   12   12   14   16   18   21
    67.5-180.0 180.0   5.0 450.0                            LAT/LON1/LON2/DLON/H
   22   25   29   31   33   35   35   37   41   43   44   47   49   50   53   55
   55   52   48   46   42   39   34   31   30   26   24   25   24   26   25   24
   22   23   21   21   20   20   19   19   19   18   17   17   17   17   18   18
   17   20   22   22   21   20   19   18   17   17   16   15   15   14   13   13
   12   13   14   15   15   17   18   20   22
    65.0-180.0 180.0   5.0 450.0                            LAT/LON1/LON2/DLON/H
   25   29   33   35   38   41   40   43   45   46   48   50   52   55   57   57
   59   57   57   55   52   48   42   38   35   33   29   31   30   31   30   30
   28   27   24   22   22   22   21   21   21   21   19   18   19   20   22   24
   24   25   26   26   25   24   23   22   21   20   19   19   18   18   18   17
   17   17   18   18   19   20   20   23   25
    62.5-180.0 180.0   5.0 450.0                            LAT/LON1/LON2/DLON/H
   29   34   39   43   46   47   46   49   50   51   52   53   55   58   59   62
   63   64   67   63   58   54   49   46   43   41   39   38   37   38   36   36
   34   29   26   24   25   25   25   24   24   23   21   22   23   23   25   28
   28   30   32   33   32   31   30   29   27   27   27   27   27   27   26   26
   24   23   22   20   21   22   23   25   29
    60.0-180.0 180.0   5.0 450.0                            LAT/LON1/LON2/DLON/H
   35   41   47   51   53   55   54   55   55   56   57   58   59   62   64   66
   69   71   72   68   63   60   55   53   50   48   45   43   42   42   40   38
   39   34   26   27   27   27   28   29   29   28   28   30   29   31   32   35
   36   37   39   41   40   40   37   37   35   35   38   39   39   40   38   38
   35   32   28   24   24   24   26   30   35
    57.5-180.0 180.0   5.0 450.0                            LAT/LON1/LON2/DLON/H
   41   46   53   57   61   63   60   61   62   62   62   64   65   66   69   71
   74   76   76   74   69   65   61   59   55   54   51   48   46   45   41   37
   38   35   30   29   30   30   32   34   34   34   36   38   39   41   41   42
   43   46   46   49   49   48   45   44   42   42   46   50   51   50   49   47
   46   40   33   29   26   26   29   34   41
    55.0-180.0 180.0   5.0 450.0                            LAT/LON1/LON2/DLON/H
   45   50   56   61   65   66   67   67   65   64   64   65   68   72   76   80
   83   84   82   78   72   65   59   55   51   51   50   48   47   46   42   36
   33   30   28   25   24   25   27   30   33   35   38   40   42   43   43   45
   47   50   50   50   50   49   47   45   44   45   49   51   53   53   51   48
   46   41   35   31   28   28   32   38   45
    52.5-180.0 180.0   5.0 450.0                            LAT/LON1/LON2/DLON/H
   47   55   62   66   69   72   75   76   75   74   72   73   75   78   81   85
   87   87   85   81   75   69   63   59   56   54   53   51   48   47   44   38
   35   33   33   32   31   32   34   37   41   44   46   49   50   50   50   51
   52   53   54   53   52   51   50   48   49   51   53   53   53   54   53   47
   44   42   36   33   31   32   36   40   47
    50.0-180.0 180.0   5.0 450.0                            LAT/LON1/LON2/DLON/H
   49   56   65   70   73   77   83   84   84   83   81   80   80   82   85   87
   89   89   87   84   78   73   68   64   62   60   58   55   53   50   47   41
   38   38   38   38   39   40   41   44   48   50   52   54   55   55   55   54
   55   56   56   56   55   53   52   53   54   56   57   54   53   54   51   46
   43   40   37   35   35   36   39   43   49
    47.5-180.0 180.0   5.0 450.0                            LAT/LON1/LON2/DLON/H
   51   59   68   73   77   82   89   91   93   92   89   86   86   87   89   90
   90   90   88   86   84   80   77   74   72   69   66   62   59   55   49   45
   43   43   44   45   45   46   48   51   54   56   57   59   60   59   59   59
   59   61   60   61   59   57   58   60   62   64   64   61   57   54   50   45
   42   40   37   36   36   38   41   45   51
    45.0-180.0 180.0   5.0 450.0                            LAT/LON1/LON2/DLON/H
   52   61   69   76   80   86   94   98  101  100   97   94   92   92   92   93
   93   92   91   90   91   91   90   89   87   84   79   74   69   63   54   49
   47   47   48   50   51   52   54   56   58   59   61   63   64   65   64   65
   65   67   66   66   63   62   62   65   69   71   71   67   61   55   48   43
   41   39   38   36   35   38   42   47   52
    42.5-180.0 180.0   5.0 450.0                            LAT/LON1/LON2/DLON/H
   55   62   70   77   82   88   97  102  105  106  104  100   98   97   97   98
   98   98   97   98   99  102  106  107  105  102   95   87   79   70   59   53
   51   52   54   55   57   58   59   60   62   62   64   65   67   68   69   71
   70   71   70   68   65   64   64   67   71   73   72   67   60   53   47   43
   41   39   37   35   33   37   42   48   55
    40.0-180.0 180.0   5.0 450.0                            LAT/LON1/LON2/DLON/H
   57   64   71   78   82   89   98  103  107  109  108  105  103  103  104  106
  106  106  105  106  110  115  121  124  123  118  110   99   88   75   63   57
   56   58   60   62   63   64   65   65   65   65   65   67   69   71   74   74
   73   72   71   68   65   64   64   66   70   71   70   65   58   53   47   43
   40   37   36   33   32   35   43   50   57
    37.5-180.0 180.0   5.0 450.0                            LAT/LON1/LON2/DLON/H
   58   65   72   78   84   89   97  103  107  111  111  110  110  111  113  115
  116  115  114  116  119  127  134  137  136  130  120  108   95   82   69   64
   63   65   67   69   70   71   70   70   68   67   67   69   71   74   76   75
   74   70   68   65   62   61   60   63   67   69   68   63   58   53   48   43
   40   37   35   33   32   36   43   51   58
    35.0-180.0 180.0   5.0 450.0                            LAT/LON1/LON2/DLON/H
   61   67   73   79   85   90   96  101  106  111  113  114  116  119  123  126
  127  126  124  124  127  135  141  144  143  137  127  114  101   87   78   72
   71   73   74   75   77   77   75   74   72   70   69   71   73   75   75   73
   70   65   62   60   57   55   56   60   65   68   66   63   57   52   49   44
   40   38   35   33   33   37   45   54   61
    32.5-180.0 180.0   5.0 450.0                            LAT/LON1/LON2/DLON/H
   65   71   76   81   86   91   95   99  104  109  114  117  121  127  132  135
  137  135  132  131  132  136  142  145  145  141  131  118  106   95   88   82
   81   81   82   83   83   82   80   78   76   75   73   73   75   74   72   67
   63   58   56   54   51   50   53   57   62   65   65   62   56   52   48   45
   41   38   36   34   34   38   47   57   65
    30.0-180.0 180.0   5.0 450.0                            LAT/LON1/LON2/DLON/H
   70   76   81   85   89   94   96   99  102  108  113  119  126  132  138  143
  143  141  138  134  132  133  137  141  142  139  131  122  110  102   97   92
   90   90   91   92   90   88   86   83   82   80   78   76   76   73   67   58
   54   49   47   47   47   48   51   54   58   61   62   61   57   53   49   46
   42   39   36   34   36   42   52   62   70
    27.5-180.0 180.0   5.0 450.0                            LAT/LON1/LON2/DLON/H
   76   82   88   90   93   97  100  101  103  109  115  121  128  134  141  146
  146  144  139  133  128  128  130  133  133  131  127  122  115  111  108  104
  101  100  100  102  100   95   91   89   88   85   81   77   75   70   62   50
   46   41   40   42   45   48   51   54   56   58   59   59   57   53   49   45
   42   39   36   37   40   48   58   69   76
    25.0-180.0 180.0   5.0 450.0                            LAT/LON1/LON2/DLON/H
   84   91   97   99  100  102  107  108  107  113  119  123  130  136  141  145
  145  141  135  128  122  119  119  122  124  124  124  124  122  124  123  117
  113  109  110  110  110  102   96   94   93   90   84   79   74   66   56   44
   41   36   36   39   43   48   51   52   54   56   56   56   55   52   48   45
   42   39   38   40   45   56   68   78   84
    22.5-180.0 180.0   5.0 450.0                            LAT/LON1/LON2/DLON/H
   92   98  105  109  111  112  115  118  117  122  127  130  134  138  142  143
  141  136  130  123  115  112  112  115  118  122  126  131  134  141  144  133
  123  119  117  117  114  106   99   97   95   91   86   80   72   63   52   39
   39   36   34   39   43   48   51   51   51   52   53   53   52   48   44   41
   39   37   37   41   50   67   78   86   92
    20.0-180.0 180.0   5.0 450.0                            LAT/LON1/LON2/DLON/H
  101  108  115  121  125  128  132  134  134  137  142  143  143  145  146  144
  140  136  130  123  117  116  118  122  127  133  141  149  159  171  164  140
  133  129  129  122  114  105   98   98   95   92   86   80   73   67   60   55
   29   25   28   36   43   48   50   48   47   47   49   49   49   45   41   37
   34   33   34   38   49   68   81   92  101
    17.5-180.0 180.0   5.0 450.0                            LAT/LON1/LON2/DLON/H
  106  114  121  130  137  143  150  155  157  158  162  161  160  158  155  151
  145  140  134  128  125  125  130  136  143  151  158  171  190  201  192  161
  150  145  142  130  117  105   96   92   92   90   87   80   74   68   62   57
   32   30   34   41   47   49   50   48   44   43   45   46   45   42   38   34
   31   31   32   38   49   69   85   97  106
    15.0-180.0 180.0   5.0 450.0                            LAT/LON1/LON2/DLON/H
  109  119  127  138  148  159  170  180  189  189  189  188  183  178  173  165
  157  152  147  142  140  143  149  157  168  176  182  197  215  221  213  178
  163  158  149  132  115  100   91   85   82   84   83   79   75   70   65   61
   38   38   41   46   49   50   50   47   44   42   44   45   44   41   37   33
   31   31   33   39   50   68   85   99  109
    12.5-180.0 180.0   5.0 450.0                            LAT/LON1/LON2/DLON/H
  112  122  133  145  159  174  192  213  222  222  221  220  214  212  200  188
  179  171  167  163  165  169  175  183  195  199  207  221  234  235  226  192
  172  159  144  125  108   97   86   80   78   81   82   81   80   75   71   68
   45   46   47   50   50   49   48   46   44   43   44   44   43   41   36   34
   33   32   35   42   54   69   85  100  112
    10.0-180.0 180.0   5.0 450.0                            LAT/LON1/LON2/DLON/H
  116  127  139  153  168  187  210  237  253  255  253  253  249  248  234  227
  210  201  193  193  196  200  205  211  218  218  228  240  248  242  228  201
  177  155  136  117  105   96   86   81   82   84   89   90   88   85   80   73
   52   52   53   51   48   46   47   47   47   47   46   44   43   41   38   36
   36   36   38   46   57   71   87  102  116
     7.5-180.0 180.0   5.0 450.0                            LAT/LON1/LON2/DLON/H
  119  133  146  160  176  197  220  250  271  276  276  279  279  280  269  263
  245  235  226  226  229  233  236  239  240  237  240  246  250  243  227  206
  181  155  132  116  109  101   95   94   96   98  102   99   96   92   87   78
   59   55   55   51   47   46   48   49   51   52   50   47   45   43   43   41
   40   40   43   50   61   75   90  106  119
     5.0-180.0 180.0   5.0 450.0                            LAT/LON1/LON2/DLON/H
  124  137  152  165  181  202  225  250  271  280  284  291  297  299  296  290
  278  271  260  259  260  261  263  267  263  256  249  246  245  240  228  210
  186  162  141  129  121  118  117  112  113  114  113  109  103   98   90   80
   62   57   56   52   48   48   52   55   57   58   56   52   49   48   48   47
   46   46   49   56   67   80   95  109  124
     2.5-180.0 180.0   5.0 450.0                            LAT/LON1/LON2/DLON/H
  128  142  155  169  184  203  221  244  260  272  282  292  301  307  309  305
  298  294  290  287  286  286  286  288  280  267  252  244  242  240  232  217
  198  174  162  147  137  139  140  138  133  129  124  116  109  101   91   81
   66   60   57   54   52   53   58   62   63   63   61   58   55   54   53   53
   52   52   55   64   74   86  100  114  128
