IONEX_files/igsg0020.10i
     1.0            IONOSPHERE MAPS     MIX                 IONEX VERSION / TYPE
cmpcmb v1.2          GRL/UWM            15-jan-10 13:43     PGM / RUN BY / DATE 
ionex file containing IGS COMBINED Ionosphere maps          COMMENT             
global ionosphere maps for day 002, 2010                    DESCRIPTION         
IONEX file containing the COMBINED IGS TEC MAPS and DCBs    DESCRIPTION         
      IONEX files of the following IAACs were combined: cod DESCRIPTION         
                                                        esa DESCRIPTION         
                                                        jpl DESCRIPTION         
                                                        upc DESCRIPTION         
Contact address: Andrzej Krankowski                         DESCRIPTION
                 Geodynamics Research Laboratory            DESCRIPTION
                 University of Warmia and Mazury (GRL/UWM)  DESCRIPTION
                 Oczapowski St. 1                           DESCRIPTION
                 10-957-Olsztyn, POLAND                     DESCRIPTION
                 e-mail:  kand@uwm.edu.pl                   DESCRIPTION
                                                            DESCRIPTION
  2010     1     2     0     0     0                        EPOCH OF FIRST MAP  
  2010     1     3     0     0     0                        EPOCH OF LAST MAP   
  7200                                                      INTERVAL            
    13                                                      # OF MAPS IN FILE   
  COSZ                                                      MAPPING FUNCTION    
     0.0                                                    ELEVATION CUTOFF    
combined TEC calculated as weighted mean of input TEC valuesOBSERVABLES USED    
   384                                                      # OF STATIONS       
    32                                                      # OF SATELLITES     
  6371.0                                                    BASE RADIUS         
     2                                                      MAP DIMENSION       
   450.0 450.0   0.0                                        HGT1 / HGT2 / DHGT  
    87.5 -87.5  -2.5                                        LAT1 / LAT2 / DLAT  
  -180.0 180.0   5.0                                        LON1 / LON2 / DLON  
    -1                                                      EXPONENT            
TEC values in 0.1 tec units;  9999, if no value available   COMMENT             
DCB values in nanoseconds, reference is Sum_of_SatDCBs = 0  COMMENT             
                                                            END OF HEADER       
[from data line 3003]
     8                                                      START OF TEC MAP    
  2010     1     2    14     0     0                        EPOCH OF CURRENT MAP
    87.5-180.0 180.0   5.0 450.0                            LAT/LON1/LON2/DLON/H
   19   19   19   18   18   18   18   18   18   18   18   18   17   17   17   17
   17   17   17   17   16   16   16   15   15   15   15   15   15   15   15   15
   15   15   15   15   15   15   15   16   16   16   16   16   16   16   16   16
   16   16   16   17   17   17   17   17   17   17   17   17   17   17   18   18
   18   18   18   18   19   18   18   19   19
    85.0-180.0 180.0   5.0 450.0                            LAT/LON1/LON2/DLON/H
   20   20   20   20   20   20   20   20   20   19   19   19   19   18   18   18
   17   17   16   16   16   16   15   15   15   15   14   14   14   14   14   14
   15   15   15   15   16   16   16   16   16   17   16   17   17   17   17   17
   17   17   17   17   17   18   18   18   18   18   18   18   18   18   18   19
   19   19   19   19   19   19   20   20   20
    82.5-180.0 180.0   5.0 450.0                            LAT/LON1/LON2/DLON/H
   21   21   21   21   21   22   22   22   22   22   21   21   21   20   20   19
   18   18   17   16   16   15   15   15   14   13   13   13   13   14   14   15
   15   16   16   16   16   16   17   17   17   17   17   17   18   18   18   17
   18   18   18   18   18   18   18   18   18   18   18   18   18   18   18   18
   18   18   19   19   19   20   20   21   21
    80.0-180.0 180.0   5.0 450.0                            LAT/LON1/LON2/DLON/H
   21   22   22   21   22   22   22   22   23   23   23   23   23   22   22   21
   21   20   19   19   17   16   16   15   14   13   14   14   15   16   17   18
   18   19   19   19   19   18   18   17   18   18   18   18   18   18   18   18
   18   18   18   19   19   19   18   18   17   17   17   17   17   17   17   17
   17   17   17   18   19   20   20   21   21
    77.5-180.0 180.0   5.0 450.0                            LAT/LON1/LON2/DLON/H
   21   21   21   21   21   21   22   22   23   23   23   24   24   25   24   24
   23   22   20   19   17   17   17   16   16   17   17   18   19   20   20   21
   21   22   22   21   21   20   19   18   18   18   18   18   18   18   18   18
   19   19   19   19   19   18   17   17   16   15   15   14   14   14   15   15
   15   16   16   17   17   18   19   20   21
    75.0-180.0 180.0   5.0 450.0                            LAT/LON1/LON2/DLON/H
   19   19   19   20   20   20   21   21   21   22   23   24   25   25   25   24
   24   23   23   21   20   20   20   20   19   20   21   22   23   24   25   26
   26   25   24   24   23   21   20   19   18   17   17   17   17   17   17   17
   18   18   18   18   18   18   16   15   14   13   12   12   11   12   12   13
   13   14   15   15   16   17   18   19   19
    72.5-180.0 180.0   5.0 450.0                            LAT/LON1/LON2/DLON/H
   17   17   17   18   19   18   19   19   20   21   22   22   23   24   25   25
   24   25   24   24   24   24   24   26   25   24   26   28   29   30   30   31
   31   31   29   27   25   23   22   20   18   17   17   16   16   16   16   16
   16   17   18   18   17   16   15   13   12   11   11   10   10   11   12   13
   13   14   14   15   16   17   17   18   17
    70.0-180.0 180.0   5.0 450.0                            LAT/LON1/LON2/DLON/H
   17   16   17   17   17   17   16   17   18   18   19   20   21   22   23   24
   24   25   25   26   27   27   28   30   29   30   32   33   36   37   37   37
   36   36   34   32   29   27   23   21   19   17   16   16   16   16   16   16
   17   18   18   17   16   15   14   13   12   11   12   12   13   13   14   15
   16   16   17   17   17   17   17   17   17
    67.5-180.0 180.0   5.0 450.0                            LAT/LON1/LON2/DLON/H
   18   18   18   17   17   16   16   15   15   15   16   16   17   18   20   21
   22   23   26   27   27   29   31   34   34   35   37   39   41   43   44   43
   41   41   39   36   32   30   27   24   21   19   17   16   16   16   16   17
   18   18   19   18   18   17   16   15   14   14   15   16   17   18   19   20
   21   21   21   20   20   19   19   18   18
    65.0-180.0 180.0   5.0 450.0                            LAT/LON1/LON2/DLON/H
   22   21   21   20   19   18   16   15   14   13   13   13   13   14   15   16
   18   21   24   26   29   32   34   37   38   40   42   44   47   49   49   49
   47   45   44   40   37   33   30   27   24   22   20   19   18   18   18   19
   20   20   21   22   21   21   20   19   20   20   21   22   24   26   28   29
   28   28   27   26   25   24   23   22   22
    62.5-180.0 180.0   5.0 450.0                            LAT/LON1/LON2/DLON/H
   27   26   25   25   24   22   20   17   15   14   12   11   10   10   11   13
   15   18   23   26   30   34   38   40   43   44   46   48   51   53   54   53
   53   50   48   45   42   38   35   32   29   27   25   23   22   21   21   22
   23   24   25   26   26   25   25   25   26   27   29   31   34   36   37   38
   38   36   34   32   30   29   28   27   27
    60.0-180.0 180.0   5.0 450.0                            LAT/LON1/LON2/DLON/H
   34   33   33   32   31   28   25   22   18   15   13   11   10    9   10   11
   13   17   22   26   31   36   41   44   46   48   49   52   54   56   57   57
   57   54   52   49   46   43   40   38   36   33   31   30   28   27   27   27
   28   29   30   31   31   32   32   33   35   36   39   41   44   47   48   49
   48   45   43   39   37   36   35   35   34
    57.5-180.0 180.0   5.0 450.0                            LAT/LON1/LON2/DLON/H
   40   40   40   41   39   37   33   28   23   19   16   13   11   10    9   10
   12   16   22   28   33   38   43   47   49   51   52   54   56   57   59   60
   59   57   55   53   51   49   47   45   43   41   38   37   35   34   34   35
   36   36   37   38   39   40   40   41   43   45   48   51   54   57   58   58
   56   53   51   46   43   42   41   41   40
    55.0-180.0 180.0   5.0 450.0                            LAT/LON1/LON2/DLON/H
   46   46   47   48   47   44   41   35   30   25   20   17   14   11   10   11
   13   17   23   29   36   42   46   49   52   54   55   56   59   59   60   60
   60   59   59   58   56   56   54   53   51   48   46   45   43   43   43   42
   43   43   44   45   46   47   47   48   50   52   55   58   61   62   63   63
   61   58   55   51   48   47   46   46   46
    52.5-180.0 180.0   5.0 450.0                            LAT/LON1/LON2/DLON/H
   50   50   52   54   54   52   49   44   38   32   26   22   18   15   14   13
   15   20   26   32   39   45   49   52   54   57   59   59   61   62   61   61
   60   60   62   62   62   63   62   61   59   57   54   53   52   51   51   50
   49   50   50   51   51   52   53   55   57   58   59   61   62   64   65   64
   63   60   57   53   51   50   49   50   50
    50.0-180.0 180.0   5.0 450.0                            LAT/LON1/LON2/DLON/H
   52   52   55   57   58   58   56   52   46   40   34   28   24   20   18   17
   19   23   30   35   42   47   51   54   57   59   61   63   64   64   63   62
   62   62   64   66   68   70   70   69   67   65   63   61   60   60   58   56
   55   55   55   56   56   57   58   60   61   61   61   60   61   62   63   62
   61   59   57   54   53   52   51   51   52
    47.5-180.0 180.0   5.0 450.0                            LAT/LON1/LON2/DLON/H
   51   52   55   57   60   62   61   57   53   47   41   35   30   26   23   22
   24   29   35   40   45   50   53   56   59   63   66   68   69   68   65   63
   63   64   67   71   74   76   78   77   75   73   71   68   67   68   66   63
   62   61   61   61   62   64   65   66   65   64   62   60   59   59   59   58
   58   57   55   53   52   52   52   52   51
    45.0-180.0 180.0   5.0 450.0                            LAT/LON1/LON2/DLON/H
   51   51   53   56   59   62   63   62   57   53   47   41   36   32   29   28
   31   36   41   47   50   54   58   60   64   68   71   74   74   71   68   65
   65   66   69   74   78   82   84   84   82   80   77   76   75   74   73   71
   68   67   67   67   68   70   71   70   68   65   62   59   58   57   55   54
   53   53   52   51   50   50   50   50   51
    42.5-180.0 180.0   5.0 450.0                            LAT/LON1/LON2/DLON/H
   48   48   50   52   57   61   64   64   61   56   51   47   42   38   35   35
   39   44   49   55   58   61   63   66   70   74   78   79   78   75   71   67
   67   69   73   77   82   87   90   90   89   87   84   82   81   80   78   76
   74   72   71   72   74   75   75   73   69   65   61   58   56   55   53   52
   51   50   49   48   48   48   48   49   48
    40.0-180.0 180.0   5.0 450.0                            LAT/LON1/LON2/DLON/H
   46   45   46   47   52   57   61   63   62   58   54   50   46   43   41   42
   46   52   58   63   65   67   70   73   76   80   82   83   81   78   74   72
   71   73   77   82   87   91   95   96   96   93   91   89   87   85   82   79
   76   74   72   73   75   77   76   73   69   65   61   57   55   54   52   51
   49   48   47   46   45   45   46   47   46
    37.5-180.0 180.0   5.0 450.0                            LAT/LON1/LON2/DLON/H
   44   43   42   43   47   53   57   59   59   58   55   52   50   48   47   49
   54   60   66   71   73   75   76   79   81   84   85   85   84   81   79   78
   78   79   82   86   92   96  100  103  103  100   97   95   92   89   84   81
   77   74   72   74   76   76   75   72   68   64   60   57   55   53   52   50
   49   47   45   43   42   42   44   44   44
    35.0-180.0 180.0   5.0 450.0                            LAT/LON1/LON2/DLON/H
   42   41   39   40   43   47   52   55   56   56   54   53   53   52   52   56
   61   68   74   78   80   81   83   84   85   86   87   86   85   84   84   85
   86   88   90   94   98  101  105  109  110  108  104  101   96   91   87   82
   77   74   72   73   74   75   73   70   66   63   59   56   54   54   53   52
   49   46   44   41   38   39   41   42   42
    32.5-180.0 180.0   5.0 450.0                            LAT/LON1/LON2/DLON/H
   41   40   38   38   39   42   47   49   51   51   52   53   54   55   57   61
   67   74   80   84   86   87   88   88   89   88   88   87   88   89   90   94
   98  101  102  104  106  108  112  115  117  116  112  107  102   96   90   83
   77   74   72   72   72   72   71   69   66   63   61   58   56   56   55   53
   51   47   43   39   36   36   38   41   41
    30.0-180.0 180.0   5.0 450.0                            LAT/LON1/LON2/DLON/H
   42   41   39   37   38   40   42   44   45   46   48   51   54   56   60   66
   72   78   83   88   90   92   92   91   90   89   88   87   92   97   99  106
  113  117  120  119  118  118  120  122  125  126  122  116  110  102   95   87
   79   75   73   72   71   71   70   68   66   64   63   61   60   59   58   56
   53   48   44   38   35   35   36   39   42
    27.5-180.0 180.0   5.0 450.0                            LAT/LON1/LON2/DLON/H
   42   43   41   39   37   38   38   39   39   40   44   48   51   56   61   68
   74   79   84   89   92   95   95   93   89   86   85   87   97  107  112  121
  132  139  141  142  138  132  132  133  135  137  133  127  119  111  102   92
   84   79   75   73   72   71   70   69   68   67   66   65   64   63   61   59
   56   51   46   41   36   34   36   39   42
    25.0-180.0 180.0   5.0 450.0                            LAT/LON1/LON2/DLON/H
   43   44   44   41   38   37   36   35   35   36   39   43   48   54   61   68
   74   79   83   88   93   96   96   94   88   85   85   89  101  115  126  139
  154  164  169  169  161  150  147  146  147  148  145  138  130  120  111  101
   92   86   80   76   73   72   72   71   71   70   70   69   68   67   65   62
   59   55   50   44   38   36   37   40   43
    22.5-180.0 180.0   5.0 450.0                            LAT/LON1/LON2/DLON/H
   43   45   44   42   39   37   34   33   32   33   36   40   45   52   59   67
   73   78   82   87   93   96   97   95   90   88   90   96  108  125  141  159
  176  191  199  197  183  170  163  160  160  159  155  149  141  133  124  114
  104   95   87   80   75   74   74   73   73   73   72   72   71   70   68   65
   61   57   53   47   42   38   38   40   43
    20.0-180.0 180.0   5.0 450.0                            LAT/LON1/LON2/DLON/H
   43   44   44   42   39   36   33   31   31   31   33   37   43   50   58   65
   71   76   81   87   93   97   98   96   94   94   98  108  122  139  156  177
  197  215  225  222  203  187  179  173  171  169  165  160  153  146  139  129
  117  105   94   85   79   76   75   75   75   76   76   74   73   72   69   66
   62   59   56   51   46   41   40   41   43
    17.5-180.0 180.0   5.0 450.0                            LAT/LON1/LON2/DLON/H
   41   42   42   41   38   35   32   30   31   31   33   36   41   49   57   65
   70   75   80   87   94   99  101  100  100  104  111  125  141  157  174  192
  214  232  242  239  221  205  194  186  181  178  174  170  163  158  152  142
  129  114  101   91   84   80   79   78   78   79   79   77   75   73   70   67
   63   59   57   53   50   45   42   41   41
    15.0-180.0 180.0   5.0 450.0                            LAT/LON1/LON2/DLON/H
   40   40   40   39   37   34   32   31   31   32   33   36   40   48   57   66
   72   77   82   89   97  103  106  107  109  115  128  145  161  175  189  204
  222  240  249  247  236  221  208  197  191  187  183  178  173  167  162  154
  140  124  108   97   91   85   83   82   82   83   82   80   78   75   71   67
   62   59   58   56   54   50   45   42   40
    12.5-180.0 180.0   5.0 450.0                            LAT/LON1/LON2/DLON/H
   40   38   37   37   35   33   31   31   32   33   34   36   41   49   58   68
   76   81   87   94  102  108  113  116  120  129  145  164  179  190  200  212
  225  239  248  251  245  234  221  209  201  195  190  185  180  175  170  163
  150  134  117  104   97   92   89   86   85   86   84   82   79   76   72   66
   61   58   58   58   57   53   47   43   40
    10.0-180.0 180.0   5.0 450.0                            LAT/LON1/LON2/DLON/H
   40   36   35   34   33   31   30   31   33   34   35   38   42   51   61   71
   81   87   93  101  109  115  121  126  132  145  162  180  194  202  207  214
  224  235  246  253  253  245  233  219  209  202  197  192  186  181  177  171
  161  144  126  113  104   98   93   90   89   88   85   82   79   76   72   66
   60   57   58   58   58   56   50   44   40
     7.5-180.0 180.0   5.0 450.0                            LAT/LON1/LON2/DLON/H
   40   36   33   31   30   29   29   31   33   35   36   39   45   54   65   76
   87   96  104  111  118  124  130  136  145  159  176  194  205  209  211  214
  220  231  243  255  260  255  244  229  218  209  204  198  192  188  184  179
  170  155  138  123  113  106  100   96   95   93   89   85   82   79   75   67
   60   57   57   58   59   57   53   46   40
     5.0-180.0 180.0   5.0 450.0                            LAT/LON1/LON2/DLON/H
   42   37   33   30   29   28   28   30   32   34   36   40   47   58   70   82
   95  107  116  124  130  135  140  148  159  174  190  204  213  215  214  214
  219  229  244  259  268  266  255  240  227  218  211  204  198  194  192  188
  182  169  152  137  125  116  110  107  105  102   97   92   88   85   80   72
   63   59   58   57   59   59   56   49   42
     2.5-180.0 180.0   5.0 450.0                            LAT/LON1/LON2/DLON/H
   47   40   36   32   29   27   28   29   31   33   36   41   50   62   76   91
  106  120  129  137  142  146  152  160  172  187  201  211  218  218  217  217
  221  231  247  264  275  278  267  251  237  227  220  213  207  203  202  201
  197  187  171  156  142  131  126  123  120  116  110  104  100   96   89   79
   68   63   61   57   60   62   60   54   47
