IONEX_files/igsg0020.10i
     1.0            IONOSPHERE MAPS     MIX                 IONEX VERSION / TYPE
cmpcmb v1.2          GRL/UWM            15-jan-10 13:43     PGM / RUN BY / DATE 
ionex file containing IGS COMBINED Ionosphere maps          COMMENT             
global ionosphere maps for day 002, 2010                    DESCRIPTION         
IONEX file containing the COMBINED IGS TEC MAPS and DCBs    DESCRIPTION         
      IONEX files of the following IAACs were combined: cod DESCRIPTION         
                                                        esa DESCRIPTION         
                                                        jpl DESCRIPTION         
                                                        upc DESCRIPTION         
Contact address: Andrzej Krankowski                         DESCRIPTION
                 Geodynamics Research Laboratory            DESCRIPTION
                 University of Warmia and Mazury (GRL/UWM)  DESCRIPTION
                 Oczapowski St. 1                           DESCRIPTION
                 10-957-Olsztyn, POLAND                     DESCRIPTION
                 e-mail:  kand@uwm.edu.pl                   DESCRIPTION
                                                            DESCRIPTION
  2010     1     2     0     0     0                        EPOCH OF FIRST MAP  
  2010     1     3     0     0     0                        EPOCH OF LAST MAP   
  7200                                                      INTERVAL            
    13                                                      # OF MAPS IN FILE   
  COSZ                                                      MAPPING FUNCTION    
     0.0                                                    ELEVATION CUTOFF    
combined TEC calculated as weighted mean of input TEC valuesOBSERVABLES USED    
   384                                                      # OF STATIONS       
    32                                                      # OF SATELLITES     
  6371.0                                                    BASE RADIUS         
     2                                                      MAP DIMENSION       
   450.0 450.0   0.0                                        HGT1 / HGT2 / DHGT  
    87.5 -87.5  -2.5                                        LAT1 / LAT2 / DLAT  
  -180.0 180.0   5.0                                        LON1 / LON2 / DLON  
    -1                                                      EXPONENT            
TEC values in 0.1 tec units;  9999, if no value available   COMMENT             
DCB values in nanoseconds, reference is Sum_of_SatDCBs = 0  COMMENT             
                                                            END OF HEADER       
[from data line 429]
     2                                                      START OF TEC MAP    
  2010     1     2     2     0     0                        EPOCH OF CURRENT MAP
    87.5-180.0 180.0   5.0 450.0                            LAT/LON1/LON2/DLON/H
   26   26   26   25   25   25   25   25   25   25   24   24   24   23   23   23
   23   23   23   23   23   23   23   23   23   23   24   24   24   24   25   25
   26   26   26   27   27   27   28   28   28   29   29   30   30   30   30   30
   30   30   29   29   29   29   29   29   28   28   28   28   28   27   27   27
   27   27   27   26   27   27   27   26   26
    85.0-180.0 180.0   5.0 450.0                            LAT/LON1/LON2/DLON/H
   23   23   22   23   22   22   22   21   22   21   21   20   20   19   19   19
   19   18   18   18   17   17   17   18   18   18   18   19   20   20   21   22
   23   24   24   26   27   27   28   29   29   30   30   31   31   31   32   32
   32   32   31   31   31   30   29   28   27   27   27   26   26   26   25   25
   25   25   25   24   24   24   23   23   23
    82.5-180.0 180.0   5.0 450.0                            LAT/LON1/LON2/DLON/H
   23   23   23   23   23   22   22   21   21   21   20   20   20   19   18   18
   17   16   15   14   13   12   12   13   13   13   14   14   15   16   17   18
   19   21   23   24   25   27   28   29   30   31   31   31   31   31   31   31
   30   30   30   29   29   28   27   26   25   25   24   23   23   23   23   23
   23   22   21   22   21   22   22   22   23
    80.0-180.0 180.0   5.0 450.0                            LAT/LON1/LON2/DLON/H
   22   22   22   22   22   22   22   22   21   21   21   21   20   20   19   18
   17   15   14   13   11   10    9   10   10    9    9   10   11   12   13   15
   17   18   21   22   24   26   27   28   29   29   29   30   29   29   28   27
   26   26   26   26   25   24   24   23   22   22   21   21   21   21   22   22
   21   21   21   21   21   21   22   22   22
    77.5-180.0 180.0   5.0 450.0                            LAT/LON1/LON2/DLON/H
   23   24   23   23   23   23   22   23   23   23   23   23   23   22   22   20
   18   16   14   13   11   10    9    9    9    9    9    9   10   11   11   14
   15   17   20   21   23   25   25   26   27   27   27   27   26   24   24   22
   22   21   21   21   21   20   20   20   20   19   20   20   21   22   23   23
   23   23   24   24   24   23   23   24   23
    75.0-180.0 180.0   5.0 450.0                            LAT/LON1/LON2/DLON/H
   28   27   26   25   24   24   23   23   23   24   24   24   25   24   23   22
   21   19   17   15   13   11   11    9    9    9   10   10   10   11   11   14
   16   18   19   20   22   23   23   23   23   23   23   22   21   19   18   17
   16   16   15   16   17   17   18   18   19   20   20   21   22   24   25   25
   26   27   28   29   29   29   29   28   28
    72.5-180.0 180.0   5.0 450.0                            LAT/LON1/LON2/DLON/H
   34   32   31   29   27   26   25   24   24   23   24   25   25   26   25   25
   25   23   21   19   16   14   13   12   11   11   11   11   12   13   13   15
   17   18   19   20   20   20   20   20   20   19   18   18   16   14   14   13
   13   13   14   15   15   16   17   18   20   22   23   24   26   28   30   32
   34   34   36   37   37   37   36   35   34
    70.0-180.0 180.0   5.0 450.0                            LAT/LON1/LON2/DLON/H
   41   39   36   34   31   29   27   24   24   23   23   23   24   25   26   27
   27   27   24   22   20   18   16   15   14   13   13   14   15   16   16   19
   18   19   19   19   19   18   18   18   17   17   16   15   14   13   12   12
   12   12   13   14   15   16   18   20   22   24   27   30   32   35   37   39
   42   43   44   46   46   46   45   44   41
    67.5-180.0 180.0   5.0 450.0                            LAT/LON1/LON2/DLON/H
   49   47   43   39   36   32   29   26   24   22   21   21   22   23   25   26
   28   28   27   25   23   21   20   18   17   16   17   18   19   19   20   20
   21   19   18   18   19   18   17   17   17   16   15   15   14   13   12   12
   13   13   14   15   16   18   21   23   27   30   33   37   39   42   45   48
   50   51   53   54   54   54   53   52   49
    65.0-180.0 180.0   5.0 450.0                            LAT/LON1/LON2/DLON/H
   56   53   50   45   40   36   32   28   25   22   20   20   19   20   22   24
   26   28   27   26   25   23   21   20   19   18   19   20   22   22   22   20
   22   21   19   18   18   18   18   17   17   17   17   17   16   15   14   14
   15   16   17   18   20   23   26   30   35   38   42   45   48   50   52   54
   56   57   58   60   60   61   60   59   56
    62.5-180.0 180.0   5.0 450.0                            LAT/LON1/LON2/DLON/H
   63   59   56   51   45   40   35   30   26   22   20   18   17   18   20   22
   23   25   25   24   22   19   18   18   18   18   20   21   22   23   23   21
   23   22   19   19   19   19   20   19   20   21   21   21   22   21   21   22
   24   24   24   25   26   30   34   39   43   47   51   53   55   57   59   60
   61   62   63   64   64   65   65   65   63
    60.0-180.0 180.0   5.0 450.0                            LAT/LON1/LON2/DLON/H
   67   65   61   56   50   44   39   33   28   24   21   18   17   17   18   20
   21   22   22   21   17   14   15   15   16   16   19   21   23   24   24   22
   23   23   20   20   20   21   23   24   25   26   27   28   29   30   32   33
   34   33   33   34   36   39   43   48   53   56   59   61   63   64   65   65
   65   66   67   67   67   68   69   68   67
    57.5-180.0 180.0   5.0 450.0                            LAT/LON1/LON2/DLON/H
   72   70   67   62   55   49   42   36   31   26   22   19   17   17   17   19
   19   19   19   17   13   13   13   14   16   17   18   22   24   26   26   24
   23   22   22   22   23   24   26   29   30   32   34   36   38   41   43   45
   46   45   44   44   44   47   51   56   60   63   66   68   69   70   70   70
   70   70   70   70   70   71   73   73   72
    55.0-180.0 180.0   5.0 450.0                            LAT/LON1/LON2/DLON/H
   77   75   73   67   61   54   46   40   34   29   25   21   19   17   18   18
   18   18   16   13   13   12   13   15   17   19   20   24   26   27   27   26
   25   24   24   25   27   29   31   34   36   38   41   44   48   52   54   56
   57   56   55   53   52   53   56   61   65   67   70   72   74   75   75   75
   75   75   74   73   74   74   76   76   77
    52.5-180.0 180.0   5.0 450.0                            LAT/LON1/LON2/DLON/H
   82   81   79   75   68   59   52   44   38   33   29   25   21   20   19   19
   19   17   15   14   13   12   13   16   19   21   24   27   29   30   30   29
   28   28   29   30   32   34   37   40   42   44   46   51   55   60   63   64
   64   63   62   59   57   57   59   62   66   69   72   75   77   78   79   79
   79   79   79   78   77   77   78   80   82
    50.0-180.0 180.0   5.0 450.0                            LAT/LON1/LON2/DLON/H
   87   87   86   82   75   66   57   49   44   38   33   28   25   22   21   21
   20   18   16   15   14   14   15   17   21   26   29   32   34   34   33   33
   33   33   34   36   38   40   43   46   47   48   51   54   59   64   68   69
   69   68   65   62   60   59   61   64   67   71   74   77   80   82   83   84
   84   84   84   82   82   82   82   85   87
    47.5-180.0 180.0   5.0 450.0                            LAT/LON1/LON2/DLON/H
   91   93   93   90   83   73   63   55   49   44   38   33   29   27   25   24
   23   21   19   17   16   17   18   22   28   34   38   40   41   38   37   36
   36   37   40   42   44   47   49   50   51   53   54   57   60   65   69   71
   72   70   68   64   62   62   65   67   69   73   76   79   83   85   87   87
   87   87   87   86   85   85   87   89   91
    45.0-180.0 180.0   5.0 450.0                            LAT/LON1/LON2/DLON/H
   95   98   99   97   91   80   70   62   55   49   43   38   35   32   30   28
   27   25   23   21   22   24   29   35   41   46   49   50   47   43   41   39
   39   40   44   47   49   51   52   53   55   56   57   58   61   65   69   73
   73   72   69   67   66   67   70   71   73   76   79   81   84   88   89   91
   90   90   89   88   87   86   88   91   95
    42.5-180.0 180.0   5.0 450.0                            LAT/LON1/LON2/DLON/H
   96  100  102  102   97   88   77   68   61   54   49   44   40   37   35   34
   33   32   30   30   33   38   45   51   56   60   60   58   53   47   43   42
   42   44   47   50   52   54   55   55   56   57   58   59   62   65   69   73
   74   72   69   68   69   72   74   76   77   78   80   82   84   88   90   92
   92   92   90   88   87   87   88   91   96
    40.0-180.0 180.0   5.0 450.0                            LAT/LON1/LON2/DLON/H
   94   99  102  103  101   94   84   75   68   60   54   50   46   43   41   40
   40   40   39   41   46   52   61   67   71   72   69   64   59   49   46   44
   45   47   50   52   54   55   56   57   58   58   59   60   62   66   68   71
   73   71   69   69   72   76   79   81   81   81   81   82   84   88   91   93
   93   93   91   88   87   86   87   90   94
    37.5-180.0 180.0   5.0 450.0                            LAT/LON1/LON2/DLON/H
   92   95   99  102  101   96   88   81   74   67   60   55   51   49   48   48
   48   48   49   52   59   66   75   80   82   81   76   68   60   52   48   47
   48   49   52   54   56   56   56   57   59   60   61   62   63   65   67   70
   71   70   70   71   75   79   83   85   85   84   83   84   86   89   93   95
   97   95   92   90   88   87   87   89   92
    35.0-180.0 180.0   5.0 450.0                            LAT/LON1/LON2/DLON/H
   89   91   93   97   98   96   91   85   78   71   65   60   56   54   54   54
   55   56   58   63   70   79   86   89   88   85   79   71   61   55   52   50
   51   53   54   56   57   56   56   57   59   61   62   63   63   64   66   67
   68   69   70   72   76   81   87   89   90   88   86   87   89   93   98  102
  103  102   99   96   93   92   91   90   89
    32.5-180.0 180.0   5.0 450.0                            LAT/LON1/LON2/DLON/H
   93   90   89   91   93   93   91   87   82   76   70   64   61   59   60   61
   61   63   66   71   79   86   92   93   90   86   79   71   62   57   56   55
   55   57   57   58   58   56   56   56   59   61   63   63   62   63   64   65
   65   66   68   71   77   83   89   92   93   92   92   93   97  102  108  114
  116  116  113  109  106  103  100   97   93
    30.0-180.0 180.0   5.0 450.0                            LAT/LON1/LON2/DLON/H
  103   97   91   88   89   90   90   88   85   80   73   68   65   64   63   64
   65   68   71   77   83   90   93   92   87   80   75   69   64   62   62   61
   61   61   61   62   62   58   56   56   59   62   63   62   62   62   61   61
   61   62   65   69   76   84   90   95   97   98   99  103  110  117  125  132
  136  137  136  131  127  123  119  112  103
    27.5-180.0 180.0   5.0 450.0                            LAT/LON1/LON2/DLON/H
  126  112  100   93   89   89   89   88   86   82   76   70   67   66   65   65
   66   70   73   79   85   89   90   86   78   70   68   65   66   68   69   70
   69   67   66   67   66   61   57   56   59   61   62   61   60   59   57   56
   56   57   62   69   76   84   91   97  101  104  108  116  126  137  147  156
  161  166  166  160  159  152  147  139  126
    25.0-180.0 180.0   5.0 450.0                            LAT/LON1/LON2/DLON/H
  160  140  119  105   96   92   90   89   87   84   78   72   68   66   65   64
   65   67   72   78   83   86   84   78   70   63   62   64   68   74   77   78
   76   73   71   70   67   62   58   57   57   58   58   57   56   54   52   51
   50   53   60   68   76   85   92   99  105  112  120  130  144  159  173  183
  189  197  198  196  198  189  185  176  160
    22.5-180.0 180.0   5.0 450.0                            LAT/LON1/LON2/DLON/H
  202  178  152  127  110  100   94   92   89   86   81   74   68   65   63   62
   62   65   69   75   80   81   77   72   66   61   62   66   72   80   83   84
   81   77   73   70   66   61   57   56   56   55   53   51   49   48   47   45
   45   50   58   68   77   85   94  101  110  121  132  145  164  183  198  208
  215  225  230  232  231  228  228  220  202
    20.0-180.0 180.0   5.0 450.0                            LAT/LON1/LON2/DLON/H
  248  222  190  157  130  113  102   96   92   89   84   78   71   65   61   60
   60   62   66   71   75   77   74   70   65   64   66   70   76   85   87   86
   82   78   73   69   65   60   57   57   54   50   47   44   42   42   41   40
   42   48   58   68   78   87   95  105  117  130  144  161  182  202  216  223
  229  241  249  253  255  258  260  259  248
    17.5-180.0 180.0   5.0 450.0                            LAT/LON1/LON2/DLON/H
  281  256  228  190  155  130  113  102   97   93   89   82   74   66   61   59
   59   61   64   69   72   75   73   71   68   69   71   75   81   86   87   84
   80   75   71   66   62   58   56   56   51   46   42   39   38   37   36   36
   39   47   58   71   82   90  100  112  126  142  158  176  196  214  223  228
  232  241  251  256  258  265  278  287  281
    15.0-180.0 180.0   5.0 450.0                            LAT/LON1/LON2/DLON/H
  296  281  252  216  178  147  126  110  102   98   93   86   78   69   63   59
   58   60   64   68   72   76   75   74   73   74   76   80   82   82   82   76
   73   69   65   61   58   56   53   52   47   42   37   35   34   34   33   33
   37   48   61   76   88   97  108  121  136  153  170  188  207  221  226  225
  225  230  239  244  247  257  276  294  296
    12.5-180.0 180.0   5.0 450.0                            LAT/LON1/LON2/DLON/H
  292  286  267  236  198  164  137  119  109  103   99   92   83   73   66   61
   59   60   64   68   72   76   78   77   76   77   79   81   79   72   71   66
   65   62   58   55   53   52   50   48   42   38   34   34   33   33   33   33
   38   50   65   81   94  104  116  131  146  162  178  195  211  220  222  216
  212  216  221  226  231  242  263  284  292
    10.0-180.0 180.0   5.0 450.0                            LAT/LON1/LON2/DLON/H
  278  280  267  243  211  180  152  129  117  110  105   98   88   78   70   63
   59   59   62   67   71   76   79   80   79   78   78   77   73   67   65   59
   58   56   53   50   49   49   47   43   39   35   33   33   34   34   33   34
   41   53   70   86   99  110  122  137  152  167  182  197  210  216  214  206
  201  202  205  210  214  226  247  266  278
     7.5-180.0 180.0   5.0 450.0                            LAT/LON1/LON2/DLON/H
  263  267  260  242  218  193  166  142  127  118  111  103   93   83   74   65
   60   60   63   68   71   76   80   81   81   79   75   70   66   61   60   56
   55   53   50   48   47   46   44   40   37   34   33   34   34   35   35   36
   43   56   74   90  102  113  126  140  155  169  183  196  207  212  208  200
  194  194  198  202  206  216  233  250  263
     5.0-180.0 180.0   5.0 450.0                            LAT/LON1/LON2/DLON/H
  251  255  249  239  223  203  180  157  140  127  117  108   98   88   78   70
   64   62   65   69   73   78   82   83   83   79   74   67   63   60   59   57
   56   54   50   47   46   45   42   39   35   34   34   34   35   35   35   37
   45   59   77   93  106  116  129  143  156  169  181  194  204  209  206  200
  195  197  202  204  208  215  228  242  251
     2.5-180.0 180.0   5.0 450.0                            LAT/LON1/LON2/DLON/H
  246  246  243  237  226  211  190  171  152  136  124  113  103   93   83   75
   69   66   67   70   74   79   82   84   83   80   73   67   63   60   60   60
   59   57   53   49   46   45   43   38   35   34   34   34   35   35   36   39
   47   62   80   95  106  117  129  142  154  165  177  191  202  208  209  205
  204  208  214  217  221  226  234  242  246
