IONEX_files/igsg0030.10i
     1.0            IONOSPHERE MAPS     MIX                 IONEX VERSION / TYPE
cmpcmb v1.2          GRL/UWM            20-jan-10 08:00     PGM / RUN BY / DATE 
ionex file containing IGS COMBINED Ionosphere maps          COMMENT             
global ionosphere maps for day 003, 2010                    DESCRIPTION         
IONEX file containing the COMBINED IGS TEC MAPS and DCBs    DESCRIPTION         
      IONEX files of the following IAACs were combined: cod DESCRIPTION         
                                                        jpl DESCRIPTION         
                                                        upc DESCRIPTION         
Contact address: Andrzej Krankowski                         DESCRIPTION
                 Geodynamics Research Laboratory            DESCRIPTION
                 University of Warmia and Mazury (GRL/UWM)  DESCRIPTION
                 Oczapowski St. 1                           DESCRIPTION
                 10-957-Olsztyn, POLAND                     DESCRIPTION
                 e-mail:  kand@uwm.edu.pl                   DESCRIPTION
                                                            DESCRIPTION
  2010     1     3     0     0     0                        EPOCH OF FIRST MAP  
  2010     1     4     0     0     0                        EPOCH OF LAST MAP   
  7200                                                      INTERVAL            
    13                                                      # OF MAPS IN FILE   
  COSZ                                                      MAPPING FUNCTION    
     0.0                                                    ELEVATION CUTOFF    
combined TEC calculated as weighted mean of input TEC valuesOBSERVABLES USED    
   305                                                      # OF STATIONS       
    32                                                      # OF SATELLITES     
  6371.0                                                    BASE RADIUS         
     2                                                      MAP DIMENSION       
   450.0 450.0   0.0                                        HGT1 / HGT2 / DHGT  
    87.5 -87.5  -2.5                                        LAT1 / LAT2 / DLAT  
  -180.0 180.0   5.0                                        LON1 / LON2 / DLON  
    -1                                                      EXPONENT            
TEC values in 0.1 tec units;  9999, if no value available   COMMENT             
DCB values in nanoseconds, reference is Sum_of_SatDCBs = 0  COMMENT             
                                                            END OF HEADER       
[from data line 2145]
     6                                                      START OF TEC MAP    
  2010     1     3    10     0     0                        EPOCH OF CURRENT MAP
    87.5-180.0 180.0   5.0 450.0                            LAT/LON1/LON2/DLON/H
   31   31   31   30   30   29   28   27   27   26   27   26   26   26   26   26
   26   26   26   25   25   26   26   27   27   27   27   28   28   28   28   28
   29   29   29   30   30   30   30   30   30   30   30   30   30   30   30   30
   31   31   31   31   31   30   31   30   30   30   30   30   30   30   31   31
   30   30   30   31   31   31   31   31   31
    85.0-180.0 180.0   5.0 450.0                            LAT/LON1/LON2/DLON/H
   29   29   29   29   29   28   23   23   23   23   23   22   22   22   22   23
   23   23   23   24   24   24   25   25   25   26   26   28   28   28   29   29
   29   29   29   30   30   30   31   31   31   32   33   33   34   33   33   34
   32   32   32   32   32   33   33   33   31   32   31   31   31   32   32   32
   33   33   32   31   31   31   30   30   29
    82.5-180.0 180.0   5.0 450.0                            LAT/LON1/LON2/DLON/H
   30   31   30   30   29   28   23   22   21   21   22   22   23   22   23   23
   22   23   22   22   22   22   23   23   24   24   24   24   24   25   25   27
   27   27   28   29   29   30   30   31   31   32   32   34   34   36   36   35
   33   33   33   33   33   33   33   33   32   32   31   30   31   31   31   31
   30   31   30   30   30   31   31   31   30
    80.0-180.0 180.0   5.0 450.0                            LAT/LON1/LON2/DLON/H
   33   32   32   31   31   30   24   23   22   22   21   21   21   21   21   21
   21   21   22   23   22   23   23   22   21   23   23   23   23   24   25   26
   27   27   27   27   27   28   27   27   29   30   31   32   33   34   36   36
   34   34   34   34   34   33   34   32   31   30   29   28   28   28   28   28
   28   28   29   29   30   31   31   32   33
    77.5-180.0 180.0   5.0 450.0                            LAT/LON1/LON2/DLON/H
   33   33   33   34   33   32   28   27   27   27   25   23   22   20   19   19
   20   20   20   21   21   21   22   23   24   25   25   24   24   24   25   27
   27   28   27   27   27   27   26   27   27   28   29   31   32   33   36   36
   35   35   35   35   35   35   33   31   29   28   26   25   23   23   22   23
   23   24   25   26   28   30   31   32   33
    75.0-180.0 180.0   5.0 450.0                            LAT/LON1/LON2/DLON/H
   32   33   35   36   36   35   33   28   27   25   24   24   23   21   19   21
   21   21   21   21   21   22   23   24   24   25   26   28   27   26   25   26
   28   29   29   29   28   28   29   29   29   30   31   33   34   36   37   38
   37   38   37   37   36   34   32   29   27   25   23   20   18   16   15   15
   16   17   19   22   24   27   29   30   32
    72.5-180.0 180.0   5.0 450.0                            LAT/LON1/LON2/DLON/H
   30   32   34   35   36   35   30   28   27   26   28   26   23   20   21   21
   21   21   21   21   23   25   26   27   29   27   29   28   28   29   30   27
   27   28   29   29   30   32   33   35   37   37   38   40   41   43   42   43
   43   43   42   39   37   34   31   28   24   21   17   15   11   10   10   10
    9   10   12   15   19   22   25   28   30
    70.0-180.0 180.0   5.0 450.0                            LAT/LON1/LON2/DLON/H
   26   29   31   32   34   35   30   29   28   28   28   24   23   23   23   22
   22   21   22   24   27   28   28   29   32   31   30   28   27   25   28   29
   26   27   30   32   34   36   40   43   43   46   48   48   50   51   49   48
   49   48   46   43   40   36   32   27   23   19   15   11   10   10   10    9
    9    9   10   10   14   17   20   23   26
    67.5-180.0 180.0   5.0 450.0                            LAT/LON1/LON2/DLON/H
   22   25   27   30   32   34   30   29   28   29   26   24   24   26   25   23
   21   22   23   27   27   28   29   30   32   32   29   28   27   24   23   25
   28   28   31   35   38   42   45   47   50   54   56   57   58   58   58   57
   56   53   51   47   42   38   34   28   23   19   15   11   10   10   10   10
   10   10   10   11   11   14   16   19   22
    65.0-180.0 180.0   5.0 450.0                            LAT/LON1/LON2/DLON/H
   21   23   25   28   31   33   30   29   29   28   26   26   26   28   25   25
   23   24   27   29   29   29   30   30   31   30   28   27   26   24   23   24
   28   31   36   39   44   48   52   54   58   61   62   64   67   65   65   62
   61   58   54   50   45   41   36   30   25   22   18   14   11   11   10   10
   10   11   11   11   12   14   16   18   21
    62.5-180.0 180.0   5.0 450.0                            LAT/LON1/LON2/DLON/H
   22   24   26   28   31   32   29   29   29   27   28   28   29   29   27   25
   25   26   28   31   31   31   31   30   31   28   25   25   25   25   24   26
   31   36   41   46   51   54   59   62   65   67   68   71   72   71   70   67
   65   61   57   53   48   44   39   33   29   26   24   22   19   17   15   14
   12   13   14   15   17   17   19   21   22
    60.0-180.0 180.0   5.0 450.0                            LAT/LON1/LON2/DLON/H
   29   30   32   32   32   34   31   29   27   26   27   29   31   30   27   26
   27   26   28   30   32   30   30   30   28   25   23   23   24   27   29   32
   37   44   49   55   57   60   63   67   70   71   73   75   75   75   73   70
   68   64   60   56   51   47   42   38   36   35   34   32   31   30   29   28
   27   26   25   25   25   24   26   27   29
    57.5-180.0 180.0   5.0 450.0                            LAT/LON1/LON2/DLON/H
   39   40   40   40   38   37   34   30   28   26   26   27   29   29   26   27
   27   27   27   29   30   27   27   25   24   23   23   25   28   35   37   41
   44   51   57   63   64   65   67   70   73   74   76   76   77   76   76   73
   71   68   64   60   56   52   48   46   43   43   43   43   43   43   43   42
   41   39   37   36   35   34   35   37   39
    55.0-180.0 180.0   5.0 450.0                            LAT/LON1/LON2/DLON/H
   50   50   50   49   45   40   38   32   29   26   25   24   24   24   24   24
   24   24   23   24   23   20   19   17   16   17   18   20   24   31   39   43
   48   55   61   65   67   67   69   70   70   71   71   69   68   67   67   68
   69   68   68   66   62   58   54   51   48   45   45   46   48   50   50   51
   51   51   49   46   45   44   44   45   50
    52.5-180.0 180.0   5.0 450.0                            LAT/LON1/LON2/DLON/H
   60   60   61   57   54   49   45   38   33   29   27   26   24   23   24   23
   23   23   22   23   22   20   19   18   19   21   22   25   30   37   46   50
   56   64   69   74   74   75   75   74   74   73   72   69   68   68   70   72
   73   75   75   72   69   66   60   57   54   51   51   53   55   58   58   58
   57   56   56   56   55   54   54   55   60
    50.0-180.0 180.0   5.0 450.0                            LAT/LON1/LON2/DLON/H
   68   69   69   65   63   57   53   44   38   35   32   29   28   25   24   23
   22   23   24   25   24   24   23   23   25   27   29   32   37   43   50   56
   64   71   77   79   82   83   82   79   78   76   74   71   70   71   73   76
   78   80   81   80   77   72   67   61   58   56   55   55   57   60   61   61
   60   57   57   60   62   61   63   64   68
    47.5-180.0 180.0   5.0 450.0                            LAT/LON1/LON2/DLON/H
   72   73   71   70   68   63   59   51   46   43   39   35   32   28   25   25
   25   26   28   29   30   30   31   32   33   36   38   42   45   49   54   60
   67   75   81   85   87   88   88   86   83   80   77   74   73   74   77   80
   84   86   86   85   82   77   71   65   62   60   59   58   60   62   63   63
   62   60   60   60   63   65   67   68   72
    45.0-180.0 180.0   5.0 450.0                            LAT/LON1/LON2/DLON/H
   70   71   70   70   69   65   63   56   53   51   48   44   38   33   29   28
   30   33   36   38   39   40   41   42   43   46   48   53   55   56   59   63
   68   76   82   87   91   93   93   92   90   87   84   81   80   80   82   85
   88   91   91   90   86   80   75   69   65   63   61   61   63   65   65   65
   65   64   63   63   63   64   64   66   70
    42.5-180.0 180.0   5.0 450.0                            LAT/LON1/LON2/DLON/H
   64   65   67   67   67   65   64   61   59   58   56   51   45   39   36   35
   36   42   46   48   49   50   52   52   54   57   57   61   62   62   62   65
   69   75   81   88   93   97   99   99   98   96   94   91   89   89   89   90
   94   95   94   91   87   83   77   71   68   65   63   63   65   66   67   65
   67   68   67   65   62   61   58   61   64
    40.0-180.0 180.0   5.0 450.0                            LAT/LON1/LON2/DLON/H
   58   60   61   62   62   62   62   62   62   63   62   58   53   48   44   44
   46   52   56   59   60   60   61   61   63   63   62   63   64   64   65   66
   69   75   80   87   94  100  105  106  107  106  104  102  100   98   97   97
   97   98   96   90   87   83   78   74   70   68   65   64   66   67   67   67
   69   69   69   66   61   58   55   56   58
    37.5-180.0 180.0   5.0 450.0                            LAT/LON1/LON2/DLON/H
   53   54   55   56   57   57   59   60   63   66   67   65   61   57   55   54
   57   62   65   67   68   68   68   66   68   66   63   64   64   66   67   68
   70   75   80   87   95  103  108  111  114  114  114  112  111  108  106  104
  103  102   98   94   89   85   80   77   73   69   67   65   65   68   69   70
   71   71   70   66   60   56   52   52   53
    35.0-180.0 180.0   5.0 450.0                            LAT/LON1/LON2/DLON/H
   49   50   49   50   50   52   54   56   61   66   69   70   68   66   65   65
   67   71   73   74   74   73   71   69   67   66   65   65   67   69   71   73
   75   80   84   90   98  105  111  114  118  120  121  122  122  120  118  116
  112  110  105   99   95   90   86   82   77   73   69   66   66   69   70   72
   73   73   70   67   60   54   50   49   49
    32.5-180.0 180.0   5.0 450.0                            LAT/LON1/LON2/DLON/H
   47   47   46   45   45   45   47   51   57   63   69   73   74   74   74   74
   76   78   79   79   78   75   71   68   66   68   68   68   71   74   79   81
   84   88   92   97  104  110  114  118  123  126  130  134  136  134  132  129
  125  122  118  113  108  101   97   92   86   81   74   70   70   72   74   75
   76   74   71   67   60   53   50   47   47
    30.0-180.0 180.0   5.0 450.0                            LAT/LON1/LON2/DLON/H
   47   47   45   43   41   41   42   46   51   58   66   73   76   78   79   80
   81   82   81   78   76   72   68   65   65   67   68   69   74   80   85   89
   93   98  102  108  113  116  119  124  129  135  140  146  149  150  149  147
  144  141  138  138  132  121  115  108  102   93   84   77   76   77   78   79
   78   76   71   66   60   54   51   49   47
    27.5-180.0 180.0   5.0 450.0                            LAT/LON1/LON2/DLON/H
   50   50   47   44   41   40   40   41   45   52   60   69   74   77   80   80
   81   81   78   74   70   67   63   60   61   63   65   68   76   85   93   99
  103  107  113  121  124  124  127  132  137  143  152  158  163  167  169  171
  172  166  166  173  167  154  141  131  122  109   97   89   85   86   85   84
   82   78   73   68   61   56   53   52   50
    25.0-180.0 180.0   5.0 450.0                            LAT/LON1/LON2/DLON/H
   54   54   51   48   45   42   41   40   41   46   53   62   68   73   75   75
   75   73   71   66   61   58   57   54   54   56   60   68   78   91  101  109
  113  117  124  131  134  134  137  142  148  154  161  169  179  185  190  193
  199  196  197  207  203  190  174  162  145  127  113  104   98   96   94   90
   85   81   77   73   65   60   57   55   54
    22.5-180.0 180.0   5.0 450.0                            LAT/LON1/LON2/DLON/H
   58   56   56   52   50   46   44   42   41   43   48   56   62   66   67   67
   66   63   60   56   53   50   49   48   49   53   58   67   80   95  107  116
  122  127  136  142  144  145  149  153  157  163  170  181  195  208  214  220
  226  225  228  236  235  225  208  190  170  147  132  122  114  108  103   97
   92   85   81   77   70   64   60   58   58
    20.0-180.0 180.0   5.0 450.0                            LAT/LON1/LON2/DLON/H
   59   58   57   55   53   50   51   50   47   47   50   53   56   57   57   58
   59   58   56   54   53   51   51   52   54   58   63   70   82   99  110  120
  126  133  143  150  154  156  160  164  168  171  177  190  203  223  231  238
  248  252  256  259  257  248  231  213  190  168  153  142  133  123  116  109
  101   93   88   84   79   73   66   62   59
    17.5-180.0 180.0   5.0 450.0                            LAT/LON1/LON2/DLON/H
   60   57   56   56   56   55   53   52   50   49   50   52   53   54   53   55
   56   56   54   52   53   53   52   53   55   61   66   73   84  100  114  124
  132  142  156  162  166  168  171  176  176  182  191  206  224  237  245  254
  263  267  271  271  268  261  244  226  206  187  173  161  149  137  127  119
  110  101   96   91   87   80   72   65   60
    15.0-180.0 180.0   5.0 450.0                            LAT/LON1/LON2/DLON/H
   59   55   55   55   56   56   51   52   51   50   50   50   50   50   49   50
   56   57   54   52   55   57   56   57   59   69   74   81   89  103  116  127
  137  148  164  170  172  175  179  184  189  197  207  218  233  243  251  261
  267  270  273  273  271  263  250  234  217  201  189  175  163  151  139  129
  120  112  105   99   94   86   76   66   59
    12.5-180.0 180.0   5.0 450.0                            LAT/LON1/LON2/DLON/H
   57   52   52   53   55   55   49   50   51   49   49   48   48   46   45   45
   53   57   56   53   56   59   59   61   62   73   82   87   94  105  119  131
  142  154  169  177  179  184  189  194  202  208  219  228  238  245  253  261
  263  265  267  267  266  261  249  235  222  210  200  188  174  162  149  138
  129  121  113  106   98   89   76   65   57
    10.0-180.0 180.0   5.0 450.0                            LAT/LON1/LON2/DLON/H
   54   49   49   50   51   52   47   49   50   49   48   47   46   45   43   42
   50   51   53   52   55   59   60   61   63   71   82   88   97  108  122  135
  148  161  173  181  186  191  198  204  211  218  229  236  243  247  253  257
  255  257  258  258  258  255  247  235  225  216  207  198  185  170  156  144
  136  127  119  109   98   88   75   63   54
     7.5-180.0 180.0   5.0 450.0                            LAT/LON1/LON2/DLON/H
   53   48   47   46   48   49   45   48   50   49   48   48   46   45   43   44
   45   45   48   50   53   57   59   61   65   70   80   90  101  113  127  140
  153  166  176  185  193  198  206  214  224  230  238  242  245  247  249  252
  248  250  251  252  253  252  246  238  230  223  216  207  194  178  163  151
  140  129  120  109   97   86   73   61   53
     5.0-180.0 180.0   5.0 450.0                            LAT/LON1/LON2/DLON/H
   53   49   47   45   45   45   43   46   49   50   49   49   47   45   44   45
   46   45   47   49   52   56   60   64   68   70   83   94  106  118  131  141
  155  167  179  189  198  209  218  227  236  244  246  245  245  244  242  243
  244  247  250  251  254  255  252  246  240  233  227  219  205  189  172  157
  143  131  119  109   97   85   73   62   53
     2.5-180.0 180.0   5.0 450.0                            LAT/LON1/LON2/DLON/H
   58   53   51   47   45   42   43   44   48   51   50   50   47   45   45   48
   49   49   50   52   56   59   63   66   70   74   84   97  109  123  131  143
  156  170  184  195  205  217  226  234  243  249  249  248  245  242  238  236
  246  252  256  261  265  266  264  260  254  249  242  233  220  203  182  164
  148  132  120  109   99   88   76   65   58
