IONEX_files/igsg0030.10i
     1.0            IONOSPHERE MAPS     MIX                 IONEX VERSION / TYPE
cmpcmb v1.2          GRL/UWM            20-jan-10 08:00     PGM / RUN BY / DATE 
ionex file containing IGS COMBINED Ionosphere maps          COMMENT             
global ionosphere maps for day 003, 2010                    DESCRIPTION         
IONEX file containing the COMBINED IGS TEC MAPS and DCBs    DESCRIPTION         
      IONEX files of the following IAACs were combined: cod DESCRIPTION         
                                                        jpl DESCRIPTION         
                                                        upc DESCRIPTION         
Contact address: Andrzej Krankowski                         DESCRIPTION
                 Geodynamics Research Laboratory            DESCRIPTION
                 University of Warmia and Mazury (GRL/UWM)  DESCRIPTION
                 Oczapowski St. 1                           DESCRIPTION
                 10-957-Olsztyn, POLAND                     DESCRIPTION
                 e-mail:  kand@uwm.edu.pl                   DESCRIPTION
                                                            DESCRIPTION
  2010     1     3     0     0     0                        EPOCH OF FIRST MAP  
  2010     1     4     0     0     0                        EPOCH OF LAST MAP   
  7200                                                      INTERVAL            
    13                                                      # OF MAPS IN FILE   
  COSZ                                                      MAPPING FUNCTION    
     0.0                                                    ELEVATION CUTOFF    
combined TEC calculated as weighted mean of input TEC valuesOBSERVABLES USED    
   305                                                      # OF STATIONS       
    32                                                      # OF SATELLITES     
  6371.0                                                    BASE RADIUS         
     2                                                      MAP DIMENSION       
   450.0 450.0   0.0                                        HGT1 / HGT2 / DHGT  
    87.5 -87.5  -2.5                                        LAT1 / LAT2 / DLAT  
  -180.0 180.0   5.0                                        LON1 / LON2 / DLON  
    -1                                                      EXPONENT            
TEC values in 0.1 tec units;  9999, if no value available   COMMENT             
DCB values in nanoseconds, reference is Sum_of_SatDCBs = 0  COMMENT             
                                                            END OF HEADER       
[from data line 3861]
    10                                                      START OF TEC MAP    
  2010     1     3    18     0     0                        EPOCH OF CURRENT MAP
    87.5-180.0 180.0   5.0 450.0                            LAT/LON1/LON2/DLON/H
   20   20   20   20   20   20   22   22   22   22   23   23   23   23   23   23
   24   24   24   24   24   25   26   26   26   25   25   25   25   25   25   25
   25   25   25   25   25   25   26   26   26   26   26   26   26   25   25   25
   24   24   23   23   23   23   23   22   22   22   22   22   21   21   21   21
   21   21   21   21   20   20   20   20   20
    85.0-180.0 180.0   5.0 450.0                            LAT/LON1/LON2/DLON/H
   22   22   22   23   22   22   24   24   24   23   24   24   23   24   24   24
   24   24   23   24   24   24   24   25   25   26   27   27   27   27   27   27
   27   27   28   28   28   29   29   29   29   28   28   28   28   28   27   26
   26   26   25   25   25   25   24   24   23   23   22   22   21   21   21   21
   21   21   21   21   21   21   21   22   22
    82.5-180.0 180.0   5.0 450.0                            LAT/LON1/LON2/DLON/H
   26   26   25   25   24   24   25   25   25   27   27   27   27   27   26   25
   24   24   25   26   25   24   24   26   28   28   28   29   28   28   29   29
   30   30   30   30   30   31   32   32   32   31   30   30   29   29   29   28
   29   28   28   27   27   27   26   26   25   23   23   22   22   21   22   22
   22   22   22   23   23   24   25   25   26
    80.0-180.0 180.0   5.0 450.0                            LAT/LON1/LON2/DLON/H
   28   28   27   27   27   27   33   34   33   32   30   29   28   28   27   26
   26   26   26   26   26   26   25   29   29   31   31   31   32   33   33   33
   33   33   32   32   31   32   31   32   33   33   32   31   31   31   31   30
   33   32   31   30   29   29   27   26   25   24   23   23   22   22   22   22
   22   23   24   25   26   27   28   28   28
    77.5-180.0 180.0   5.0 450.0                            LAT/LON1/LON2/DLON/H
   30   29   29   29   30   30   35   35   34   33   34   34   36   35   33   30
   29   29   29   32   32   29   32   36   35   36   36   36   36   36   35   34
   33   31   31   31   31   31   30   30   31   32   33   33   33   33   33   32
   36   34   33   31   29   28   26   25   24   23   22   22   21   22   22   22
   23   24   24   26   27   28   29   29   30
    75.0-180.0 180.0   5.0 450.0                            LAT/LON1/LON2/DLON/H
   30   30   30   30   30   30   34   35   36   38   40   38   35   33   36   35
   35   35   34   34   33   35   36   36   39   39   38   40   38   35   36   36
   35   32   30   28   28   29   29   29   30   33   34   34   34   33   32   32
   37   35   33   30   28   27   24   22   21   20   20   19   19   20   21   21
   21   22   24   25   27   28   29   30   30
    72.5-180.0 180.0   5.0 450.0                            LAT/LON1/LON2/DLON/H
   29   29   29   29   29   29   33   33   35   36   39   38   40   42   41   40
   39   38   39   37   42   42   42   40   43   44   41   40   40   38   36   35
   34   33   31   29   26   26   27   28   28   31   32   33   33   32   31   30
   35   34   31   28   26   23   21   19   17   17   17   17   18   18   18   18
   18   20   21   23   25   26   28   29   29
    70.0-180.0 180.0   5.0 450.0                            LAT/LON1/LON2/DLON/H
   26   26   25   25   26   27   30   32   33   35   37   40   42   44   46   45
   43   48   49   47   53   54   52   48   48   47   44   41   40   39   38   34
   33   31   29   27   27   25   25   26   26   28   29   30   30   31   29   27
   31   30   28   26   23   21   18   17   15   15   16   17   18   19   17   15
   15   16   19   21   23   24   25   26   26
    67.5-180.0 180.0   5.0 450.0                            LAT/LON1/LON2/DLON/H
   22   21   21   22   23   25   28   28   30   33   36   40   44   46   48   49
   53   56   58   61   63   63   60   57   55   49   47   43   42   40   40   36
   34   31   28   26   26   25   23   23   25   26   27   27   28   28   27   25
   28   27   26   24   21   19   17   16   15   14   14   15   17   19   17   13
   13   15   18   21   22   23   23   23   22
    65.0-180.0 180.0   5.0 450.0                            LAT/LON1/LON2/DLON/H
   21   20   19   19   21   23   27   28   30   33   37   42   46   48   51   54
   58   63   65   68   69   69   66   65   61   57   54   51   47   46   46   41
   38   36   29   25   27   26   22   21   22   24   26   27   27   27   26   24
   26   26   25   23   21   20   18   19   19   18   18   19   20   21   18   17
   17   18   20   22   23   23   22   21   21
    62.5-180.0 180.0   5.0 450.0                            LAT/LON1/LON2/DLON/H
   22   21   21   21   22   24   28   29   33   36   40   44   48   53   56   59
   63   67   69   73   73   74   72   70   68   67   61   61   57   56   53   47
   44   42   34   27   26   25   22   20   22   24   27   28   29   29   29   26
   27   26   26   24   23   24   23   25   27   28   28   28   29   27   26   24
   24   24   24   24   25   26   25   24   22
    60.0-180.0 180.0   5.0 450.0                            LAT/LON1/LON2/DLON/H
   26   25   25   25   26   28   32   34   37   40   43   47   52   57   61   63
   67   68   71   74   76   78   78   75   73   73   69   69   66   64   59   50
   49   46   39   31   28   27   24   25   26   28   29   30   33   33   32   31
   30   29   29   29   29   30   31   34   37   40   41   41   41   39   36   33
   32   32   31   31   30   31   31   28   26
    57.5-180.0 180.0   5.0 450.0                            LAT/LON1/LON2/DLON/H
   34   32   31   32   32   34   37   39   42   44   48   54   58   62   66   68
   70   71   74   77   79   80   81   78   78   78   76   75   72   71   67   57
   53   50   43   37   32   30   30   31   31   33   35   38   37   38   38   37
   35   34   35   35   35   37   39   43   48   51   53   54   52   49   45   41
   39   39   37   37   37   38   38   36   34
    55.0-180.0 180.0   5.0 450.0                            LAT/LON1/LON2/DLON/H
   45   45   43   41   42   42   43   46   48   52   56   61   66   70   74   76
   76   77   77   79   81   83   84   83   82   81   80   77   74   73   71   67
   60   53   46   38   31   29   27   27   28   30   32   34   35   37   37   37
   43   43   46   47   47   49   50   54   58   60   61   61   59   56   50   48
   47   49   49   48   50   51   52   49   45
    52.5-180.0 180.0   5.0 450.0                            LAT/LON1/LON2/DLON/H
   46   45   45   46   47   49   53   55   57   60   64   68   73   77   81   84
   84   84   83   83   84   85   85   84   83   81   81   78   75   75   76   73
   67   61   53   45   39   36   35   36   37   39   41   43   43   44   44   44
   48   49   52   53   54   54   55   57   60   62   62   62   60   57   53   51
   52   52   52   52   53   54   54   51   46
    50.0-180.0 180.0   5.0 450.0                            LAT/LON1/LON2/DLON/H
   46   45   47   49   52   55   61   63   66   67   70   74   79   83   87   91
   92   90   87   86   85   86   86   86   85   83   82   79   78   77   79   77
   73   66   58   50   45   43   43   44   46   48   50   52   53   54   53   51
   53   53   55   57   58   57   59   58   61   63   63   63   61   58   56   53
   53   53   48   49   51   53   51   50   46
    47.5-180.0 180.0   5.0 450.0                            LAT/LON1/LON2/DLON/H
   44   45   48   51   54   59   68   72   73   75   76   79   83   87   93   97
   98   96   93   90   88   88   88   89   89   88   87   86   84   82   81   80
   76   70   62   55   51   49   50   52   55   57   60   61   63   63   60   57
   55   55   57   59   59   59   60   59   60   63   63   63   60   59   57   53
   53   50   46   45   46   47   46   46   44
    45.0-180.0 180.0   5.0 450.0                            LAT/LON1/LON2/DLON/H
   41   42   47   51   57   62   72   77   79   80   81   82   86   91   97  101
  104  103   99   96   94   94   95   96   97   96   94   92   89   86   83   80
   77   72   65   59   56   55   56   60   63   66   68   70   71   70   67   63
   57   59   60   61   61   61   60   59   60   60   61   59   58   57   55   53
   52   49   47   44   43   41   40   41   41
    42.5-180.0 180.0   5.0 450.0                            LAT/LON1/LON2/DLON/H
   36   38   43   50   57   64   74   79   82   84   84   86   88   93  100  105
  109  110  106  104  102  103  104  106  107  106  104   99   94   88   84   80
   77   73   68   63   61   61   64   67   70   73   75   76   76   74   70   66
   60   62   63   63   63   62   61   59   59   58   57   57   55   54   52   51
   51   48   45   43   41   38   36   35   36
    40.0-180.0 180.0   5.0 450.0                            LAT/LON1/LON2/DLON/H
   32   35   40   47   56   64   72   80   85   87   88   89   92   97  104  109
  113  116  113  112  112  113  115  116  117  117  113  108  101   93   87   82
   79   75   71   68   66   67   70   73   76   78   79   79   78   75   71   66
   63   63   64   64   63   61   59   57   56   56   56   56   54   52   50   49
   48   46   45   42   40   37   34   31   32
    37.5-180.0 180.0   5.0 450.0                            LAT/LON1/LON2/DLON/H
   31   33   38   45   53   63   70   78   85   90   93   94   97  102  107  113
  119  121  122  122  123  124  125  125  127  126  123  118  110  100   94   88
   84   81   78   75   73   74   76   78   81   82   81   80   77   74   68   64
   65   64   64   63   60   56   55   53   54   55   54   53   52   50   49   48
   47   45   44   42   40   38   35   32   31
    35.0-180.0 180.0   5.0 450.0                            LAT/LON1/LON2/DLON/H
   32   33   37   43   52   62   67   76   85   93   98  100  103  107  111  117
  123  128  130  132  134  134  134  134  134  133  131  128  119  109  103   96
   92   90   87   83   81   81   81   83   84   84   83   81   76   71   66   60
   65   62   63   60   58   53   51   50   51   53   53   53   52   49   48   48
   47   45   44   42   39   38   36   34   32
    32.5-180.0 180.0   5.0 450.0                            LAT/LON1/LON2/DLON/H
   35   35   38   43   51   60   64   74   86   96  103  107  110  113  117  122
  127  132  136  139  142  143  141  139  137  136  135  133  128  120  115  108
  105  102   98   94   90   86   86   87   87   86   85   82   77   70   63   56
   62   61   60   58   59   52   51   49   52   53   54   53   52   51   49   50
   48   46   44   41   40   38   37   36   35
    30.0-180.0 180.0   5.0 450.0                            LAT/LON1/LON2/DLON/H
   38   38   41   46   53   60   63   73   85   98  108  113  117  120  122  125
  129  135  140  146  148  148  143  139  136  135  135  135  136  133  130  125
  122  118  113  107   98   92   89   89   90   90   88   84   78   71   63   56
   60   58   57   57   59   54   54   51   53   55   55   54   53   51   51   51
   49   46   44   41   40   40   39   38   38
    27.5-180.0 180.0   5.0 450.0                            LAT/LON1/LON2/DLON/H
   41   43   46   52   57   62   65   73   85   99  111  118  122  124  126  127
  129  134  141  148  150  147  140  137  132  131  133  136  143  146  148  146
  143  138  129  119  107   96   91   92   94   94   92   89   83   74   66   58
   60   58   57   56   58   56   56   55   56   56   56   54   54   53   53   53
   51   47   43   41   42   41   40   41   41
    25.0-180.0 180.0   5.0 450.0                            LAT/LON1/LON2/DLON/H
   43   46   51   58   63   68   69   76   88  101  113  122  125  127  126  126
  126  130  138  144  147  143  138  134  128  128  130  138  149  160  166  168
  166  160  147  132  115  101   94   94   97   98   97   94   89   80   71   64
   63   60   59   57   58   58   59   60   59   58   56   54   53   53   54   53
   50   47   43   40   40   40   41   41   43
    22.5-180.0 180.0   5.0 450.0                            LAT/LON1/LON2/DLON/H
   43   48   55   64   70   74   74   81   90  102  114  124  128  129  128  125
  123  124  130  135  140  139  137  131  127  129  135  144  158  172  184  190
  192  183  169  148  124  107   98   97  100  102  101   98   95   86   79   72
   67   65   62   60   60   61   61   62   60   58   55   53   53   52   53   52
   50   47   43   39   38   38   39   40   43
    20.0-180.0 180.0   5.0 450.0                            LAT/LON1/LON2/DLON/H
   42   49   59   68   75   80   83   89   96  105  116  125  130  133  131  127
  124  124  126  132  138  143  146  145  144  149  157  163  172  184  194  205
  209  196  184  168  135  116  102   95   90   89   88   85   86   79   75   73
   72   68   65   61   62   62   64   63   60   57   53   53   53   52   52   50
   48   46   42   37   34   34   36   38   42
    17.5-180.0 180.0   5.0 450.0                            LAT/LON1/LON2/DLON/H
   40   48   59   71   80   85   90   97  104  113  124  133  137  139  137  133
  131  130  127  131  137  146  152  155  158  165  171  177  185  199  216  231
  237  232  210  182  151  127  112  101   96   93   91   89   88   84   81   79
   78   73   69   67   67   68   69   66   62   57   53   53   53   52   50   48
   46   44   40   35   32   33   34   36   40
    15.0-180.0 180.0   5.0 450.0                            LAT/LON1/LON2/DLON/H
   39   46   59   72   82   90   97  104  113  123  133  143  148  148  148  148
  148  144  137  138  143  153  164  171  176  184  189  191  199  212  231  245
  249  238  215  185  157  135  120  108  103   98   96   94   93   90   90   85
   83   79   75   72   71   72   73   69   64   58   54   54   54   51   48   46
   44   42   38   35   33   32   33   35   39
    12.5-180.0 180.0   5.0 450.0                            LAT/LON1/LON2/DLON/H
   40   48   61   76   86   95  104  112  124  134  144  155  161  164  166  170
  172  165  153  149  152  164  175  186  195  204  207  206  210  221  233  244
  245  232  212  185  161  143  128  117  110  106  105  103   97   97   99   94
   88   84   79   74   71   72   73   69   64   57   54   54   53   50   47   43
   41   39   37   35   34   33   34   36   40
    10.0-180.0 180.0   5.0 450.0                            LAT/LON1/LON2/DLON/H
   45   53   65   80   91  101  112  122  136  147  157  170  178  185  190  194
  196  190  175  167  166  176  185  197  209  219  223  220  224  229  233  236
  233  226  209  187  169  152  138  128  118  114  113  110  105  106  105  102
   90   86   80   74   70   70   71   67   63   57   54   54   53   49   45   42
   38   36   35   35   34   35   36   41   45
     7.5-180.0 180.0   5.0 450.0                            LAT/LON1/LON2/DLON/H
   51   59   71   86   97  108  121  133  148  161  172  186  197  209  219  219
  220  217  206  197  192  199  204  211  224  234  237  237  240  239  239  235
  231  222  211  195  178  163  152  139  128  125  121  118  113  111  108  105
   92   87   83   76   71   69   70   66   64   60   59   58   56   50   45   40
   37   35   34   33   33   36   39   44   51
     5.0-180.0 180.0   5.0 450.0                            LAT/LON1/LON2/DLON/H
   57   67   79   92  104  116  131  148  160  174  186  201  216  232  246  248
  246  247  241  227  231  231  230  233  244  250  250  252  252  248  245  239
  234  226  218  206  190  180  167  153  142  136  130  123  117  112  106  102
   94   91   87   81   76   72   73   70   69   66   65   65   62   56   49   42
   38   36   35   32   31   37   43   49   57
     2.5-180.0 180.0   5.0 450.0                            LAT/LON1/LON2/DLON/H
   65   75   87   98  110  124  141  156  171  184  196  213  229  250  263  273
  270  271  270  265  264  258  254  257  267  268  264  264  263  258  252  245
  241  235  227  217  207  196  183  169  156  146  134  125  119  111  106  105
  101   98   94   90   84   79   80   79   77   75   75   74   70   63   55   48
   43   41   39   34   32   39   46   54   65
